0 98 74 97 82 35 80 87 30 57 94 30 77 16 80 30 63 10 94 66 28 62 77 18 62 78 25 55 84 38 45 84 36 20 82 19 56 62 6 86 20 1 17 97 17 97 28 81 7 23 47 35 86 25 54 48 4 79 4 88 18 50 72 54 71 55 74 27 17 80 13 38 82 30 36 99 28 64 80 36 88 28 72 74 54 26 23 58 6 28 46 24 79 19 79 50 74 53 77 92 
34 91 31 16 22 67 16 51 32 96 87 20 25 59 95 79 86 18 38 92 47 85 17 26 4 96 76 79 50 54 72 85 46 3 1 69 70 17 20 2 14 7 23 40 66 18 20 52 37 58 45 84 43 63 10 48 59 86 28 10 41 0 95 87 4 97 56 74 15 77 77 29 84 0 70 51 19 90 4 56 48 49 40 92 12 50 41 72 37 69 83 79 70 79 67 74 76 24 49 92 
1 27 21 85 28 91 37 47 82 41 3 30 90 44 23 3 95 65 76 33 34 59 12 5 39 79 80 15 3 30 7 5 58 29 91 86 21 28 33 3 69 37 34 60 82 57 63 77 23 39 10 58 99 22 63 38 2 44 54 6 75 62 11 33 91 3 19 13 31 53 16 0 91 51 60 73 9 24 51 32 64 61 90 63 84 53 2 86 98 56 93 73 19 5 6 10 8 26 24 39 
79 41 40 71 92 0 44 1 25 95 33 89 57 23 53 41 77 55 28 76 12 21 49 31 26 56 42 35 82 66 74 62 7 15 33 99 15 78 1 41 74 34 30 31 58 83 72 36 38 1 12 51 23 61 82 50 18 24 85 0 91 60 62 98 75 96 98 91 74 99 32 48 34 62 80 92 46 53 28 84 54 41 35 77 3 18 27 21 43 12 22 34 73 85 32 48 81 31 40 56 
31 72 4 65 35 85 58 81 38 86 66 92 28 2 70 31 20 97 52 63 10 74 97 83 59 30 32 41 62 72 97 93 44 2 59 80 87 17 61 25 4 28 18 32 30 88 63 51 86 16 15 96 91 13 80 51 44 12 92 6 84 90 0 29 92 59 10 80 76 72 6 80 0 24 13 31 13 76 82 99 93 98 96 84 11 76 36 55 89 28 62 74 18 62 4 11 21 14 91 98 
86 97 79 87 22 92 19 35 69 2 35 62 0 31 47 11 8 83 67 98 12 29 72 31 91 77 42 13 91 34 11 78 31 91 66 53 83 85 89 52 87 24 15 87 56 63 99 65 46 66 63 59 96 36 90 87 13 33 1 5 67 13 84 98 4 50 52 87 36 42 40 24 66 55 11 23 18 11 88 65 78 52 25 74 88 15 61 1 48 63 7 15 76 91 14 80 42 67 68 78 
9 8 2 76 64 14 99 83 25 88 49 3 40 74 77 29 89 39 30 38 3 37 54 79 29 68 60 71 36 28 49 46 37 52 22 2 66 22 85 92 11 34 96 51 9 74 80 98 14 11 37 17 49 91 96 79 60 57 50 97 86 0 43 23 52 65 25 19 88 11 11 99 45 7 50 55 81 31 54 96 43 91 13 93 83 10 72 43 67 23 40 53 23 83 77 76 49 3 95 37 
14 6 36 60 14 87 15 96 19 69 92 63 60 6 56 43 16 29 87 84 52 28 38 75 12 15 51 61 18 47 99 32 54 35 92 68 23 8 65 43 77 58 6 38 64 63 81 81 92 69 65 44 97 3 20 9 19 72 70 37 19 70 70 73 6 63 42 29 71 8 72 48 66 79 86 31 42 68 12 35 37 77 79 35 81 0 44 0 72 15 37 92 85 8 65 91 71 8 21 42 
16 94 90 82 73 77 13 16 45 26 51 83 3 31 18 85 31 62 85 4 78 23 96 64 31 62 55 2 70 76 44 87 71 35 69 44 12 83 61 58 9 12 41 13 44 60 98 76 23 84 80 1 7 77 65 39 40 21 41 11 98 86 98 69 22 68 14 35 51 76 93 61 89 35 74 33 96 73 9 19 57 90 21 65 68 87 4 8 8 46 20 7 32 18 77 55 86 91 90 38 
67 84 99 57 20 74 90 16 47 0 36 5 90 57 70 59 45 74 67 54 20 87 61 53 6 38 9 92 30 99 30 98 84 30 55 4 4 45 21 52 45 57 57 36 15 28 95 60 3 63 14 24 51 75 77 57 14 87 50 44 86 81 42 71 11 97 75 16 43 97 69 89 54 26 26 69 55 22 30 58 85 44 82 36 20 60 94 34 47 44 79 34 26 21 5 38 19 81 54 63 
78 24 53 33 50 79 2 6 1 33 64 86 77 46 23 98 6 18 32 54 63 12 88 89 33 93 27 53 75 82 17 53 6 70 86 57 49 89 63 51 22 28 38 0 74 62 98 81 80 31 35 44 43 24 34 77 17 62 31 92 44 48 46 51 18 32 9 68 22 73 20 44 1 58 44 76 20 43 58 1 75 94 45 18 18 79 95 36 41 27 28 86 75 75 38 94 7 47 63 30 
21 83 74 23 41 19 99 62 63 58 63 38 52 9 56 70 88 52 6 30 79 35 17 55 11 55 50 19 3 13 49 24 97 23 48 39 43 47 1 6 6 64 44 58 73 1 29 62 53 36 93 33 72 10 89 83 66 39 2 69 53 51 94 50 75 42 89 18 90 90 24 96 55 69 55 29 70 84 92 24 21 85 58 93 95 47 76 62 87 78 31 40 30 26 91 5 69 80 23 59 
71 48 56 27 17 11 56 88 96 48 12 17 34 71 10 30 18 87 92 6 65 23 46 95 50 37 1 19 18 25 79 90 73 35 17 91 47 74 79 43 22 92 61 57 64 71 87 82 58 79 88 24 2 35 20 53 73 21 72 92 46 51 82 20 87 0 12 34 74 91 78 97 84 39 54 48 10 41 31 69 20 20 94 23 56 14 76 30 36 49 22 83 1 4 3 88 5 15 22 79 
7 0 76 92 40 30 41 51 71 73 20 92 93 14 15 50 29 91 80 65 41 2 49 42 7 52 30 12 68 53 91 76 54 68 68 94 98 10 45 70 83 66 62 77 81 77 27 10 69 7 76 10 9 25 53 17 78 83 29 47 36 21 23 91 89 92 85 87 3 30 58 86 96 20 63 78 98 90 88 67 97 65 78 7 91 31 24 70 15 54 18 52 75 42 43 64 34 28 51 38 
59 9 24 56 30 88 34 28 78 22 96 76 88 75 84 80 6 9 50 22 63 68 74 38 10 17 2 45 46 54 83 5 63 8 61 94 96 95 22 75 18 18 52 7 94 36 87 1 45 38 23 9 7 98 47 17 15 49 63 62 3 47 68 67 55 29 61 52 25 84 27 44 3 80 52 97 17 39 98 63 78 21 72 85 20 19 3 36 69 67 98 73 14 66 40 70 96 2 22 22 
87 50 66 90 30 18 87 47 58 86 10 36 8 83 22 28 2 25 64 72 92 62 45 7 29 85 77 25 88 0 47 75 50 14 66 81 33 53 29 91 40 40 28 48 23 50 76 26 76 40 98 68 3 43 75 33 29 53 58 18 53 6 93 3 21 59 85 54 13 14 45 53 54 74 2 78 24 78 4 0 19 2 69 23 46 45 56 75 98 15 93 51 22 87 54 43 47 39 97 61 
54 43 15 9 17 17 87 42 96 91 43 15 94 12 39 41 57 95 17 56 11 10 7 33 98 62 76 46 2 73 7 56 16 22 65 34 39 53 76 35 45 20 51 39 32 90 81 90 86 98 46 98 9 54 31 7 16 7 53 18 81 61 75 98 83 40 33 23 94 9 59 39 29 10 79 62 1 60 53 87 58 99 85 67 53 17 75 70 25 29 88 6 90 64 5 74 5 38 97 99 
47 56 38 77 67 17 40 68 78 93 56 36 93 42 4 47 59 79 17 85 9 6 91 99 70 96 74 75 34 72 74 82 29 13 60 96 31 1 65 9 94 22 45 88 64 50 35 24 29 53 9 38 60 1 38 31 97 13 6 32 85 81 15 14 95 76 11 26 77 76 35 71 98 81 60 63 31 96 88 61 49 97 0 10 98 39 41 96 52 48 29 37 30 45 52 25 21 64 51 98 
40 87 70 39 69 30 3 0 26 91 62 76 88 62 86 87 1 28 84 54 76 14 92 6 59 44 31 81 9 83 80 50 71 50 89 40 81 92 41 8 83 3 84 72 66 71 60 68 99 45 22 76 59 14 82 19 59 14 1 68 98 81 18 69 31 8 10 13 0 51 21 84 55 6 57 21 78 18 89 78 63 11 54 23 26 37 43 85 51 44 53 50 25 72 19 57 80 29 71 81 
81 93 66 36 99 24 58 78 42 47 56 6 59 11 30 86 49 73 71 1 18 25 51 44 97 70 2 78 0 73 59 81 66 26 18 66 50 76 45 92 24 2 99 84 13 29 70 62 2 41 63 21 67 15 65 65 85 67 43 86 41 3 67 8 29 86 74 79 62 20 72 86 22 71 70 36 0 41 98 3 83 62 24 50 77 89 15 63 57 58 49 98 62 17 7 91 3 82 70 65 
2 42 52 24 13 23 60 14 65 59 17 48 22 42 98 0 32 13 63 89 72 13 88 34 31 95 26 34 78 96 0 80 39 53 4 53 77 65 67 42 24 85 90 47 27 88 47 59 2 11 49 75 24 38 10 55 34 36 90 12 33 91 92 72 44 97 25 21 63 93 64 88 78 54 35 6 43 82 66 45 94 16 21 19 54 32 74 88 69 65 1 2 56 94 75 1 91 1 22 55 
94 86 43 73 41 78 80 84 61 46 30 55 62 51 74 17 83 49 6 53 15 7 55 71 1 31 73 93 32 95 49 27 82 92 1 23 71 81 8 32 28 38 88 91 90 63 8 74 13 14 27 28 22 83 0 24 14 73 18 46 69 67 74 52 60 75 76 31 57 84 64 85 22 52 76 13 15 85 87 29 0 14 57 22 97 57 47 11 31 65 58 0 33 33 52 93 8 28 24 65 
13 88 51 36 41 28 49 57 13 36 86 13 51 44 36 48 1 84 60 33 50 19 33 83 52 86 77 60 15 2 26 28 91 78 64 32 6 13 90 19 50 76 33 1 21 70 50 23 54 10 56 4 30 90 88 82 76 65 43 92 67 70 20 58 48 85 91 54 99 81 74 49 58 7 51 79 77 1 2 32 12 59 36 42 49 24 24 26 90 68 18 57 38 39 16 86 24 7 41 24 
89 15 74 48 23 25 28 0 27 31 32 39 90 69 81 40 94 6 66 84 75 84 41 13 24 58 0 48 66 42 73 56 57 47 4 81 73 33 81 1 65 14 40 56 84 22 96 78 29 62 62 4 47 4 18 71 63 18 20 29 61 93 85 19 41 90 0 15 24 81 16 89 96 56 45 81 79 41 59 8 4 22 12 51 27 30 23 90 49 43 20 11 37 6 30 79 97 30 94 22 
12 10 11 9 67 57 90 47 99 50 55 4 72 68 56 0 99 79 91 49 23 11 60 60 18 90 39 15 20 34 38 33 44 49 42 12 7 32 59 6 82 15 10 55 84 66 55 83 46 46 33 69 58 93 29 77 84 69 93 5 3 31 38 48 80 80 60 88 13 20 95 95 36 6 50 20 73 6 4 19 53 37 88 12 31 18 89 15 87 82 20 91 13 58 39 94 39 0 83 52 
21 78 48 57 84 99 78 57 5 83 76 59 20 65 71 52 84 61 67 71 43 88 62 57 46 2 52 86 2 35 39 23 13 87 81 97 86 60 55 92 43 31 51 64 97 23 16 81 84 84 53 28 72 16 86 19 18 38 5 20 73 44 44 87 32 26 85 18 86 40 11 30 72 63 95 69 86 11 50 71 96 3 0 68 19 86 87 38 24 92 58 98 37 3 85 69 29 71 88 16 
11 99 47 83 62 42 52 49 54 3 20 50 7 20 19 27 7 6 65 31 99 24 30 36 27 16 6 57 87 94 74 98 93 21 82 56 64 35 5 19 38 26 70 46 47 89 73 54 95 38 86 94 62 16 31 89 32 37 47 20 31 22 19 25 44 1 82 8 37 88 28 76 14 98 22 62 88 95 17 84 33 3 78 95 19 10 85 52 47 33 73 79 55 92 5 99 94 87 8 31 
75 36 7 90 35 29 53 23 24 70 7 57 73 86 53 93 96 39 46 44 72 19 24 27 12 29 26 6 17 35 38 93 71 45 84 6 75 37 30 0 7 37 58 81 24 11 75 21 50 21 65 23 41 89 50 53 19 77 60 36 12 98 29 84 44 13 90 19 51 21 19 59 59 77 41 83 89 16 4 40 38 69 63 80 59 13 34 78 91 94 15 4 93 44 88 37 58 78 57 9 
0 77 68 59 55 9 42 44 26 46 84 64 16 48 45 76 62 79 55 53 73 70 57 66 14 45 4 73 24 61 82 24 39 51 83 94 61 26 38 88 73 23 53 90 72 98 66 34 77 22 88 51 92 45 18 7 91 22 80 16 84 63 41 23 15 25 17 76 51 56 65 24 80 18 15 52 16 82 87 94 4 75 45 96 21 63 3 12 86 83 29 70 47 70 93 62 95 11 38 46 
68 4 71 48 22 87 1 39 69 89 33 73 64 79 69 85 43 73 98 29 57 27 99 4 97 93 66 93 4 5 39 73 9 11 21 31 98 23 71 67 12 5 41 77 84 10 62 27 83 60 56 40 88 56 44 86 49 11 79 54 16 18 27 25 30 49 57 29 73 29 97 86 34 38 63 19 48 25 46 32 86 3 73 75 60 18 61 9 29 40 64 45 58 92 71 89 41 29 18 15 
59 15 1 93 54 64 12 2 90 59 35 77 63 8 52 23 26 13 33 56 53 97 2 12 90 74 1 32 3 20 47 62 36 48 56 90 13 69 93 4 28 28 81 92 37 33 15 64 46 49 20 0 47 22 12 37 96 14 69 0 35 16 63 72 65 19 63 79 88 56 83 17 85 64 9 22 98 25 87 45 74 7 45 21 29 58 58 26 73 27 26 8 44 90 81 10 9 44 90 98 
0 73 15 86 38 25 9 37 50 96 82 24 3 28 45 33 86 4 60 59 31 86 68 76 77 49 87 86 93 77 84 94 51 0 81 90 25 90 27 75 86 9 0 89 38 45 23 24 49 83 84 81 70 53 58 47 3 45 34 97 22 18 91 74 19 73 64 44 63 91 20 49 1 20 39 39 66 62 64 15 46 48 97 16 2 55 64 5 0 98 2 23 16 94 97 36 67 61 81 30 
53 1 80 54 22 19 93 88 82 57 3 28 6 0 45 8 55 9 14 56 7 16 79 24 11 76 60 78 38 42 8 91 43 89 45 65 8 39 53 91 97 57 20 3 58 65 12 14 75 27 70 83 43 49 8 54 26 69 33 64 11 42 55 54 31 1 20 39 40 74 31 37 32 51 41 90 17 54 4 93 81 74 76 24 24 84 79 50 54 12 15 65 54 70 20 85 72 41 25 12 
15 57 49 47 9 91 38 26 45 42 20 26 17 97 51 42 82 31 93 36 44 8 1 98 79 21 84 51 62 10 64 78 68 14 26 77 5 64 4 50 7 24 77 25 21 29 67 3 60 60 39 4 69 41 3 49 63 88 1 26 99 65 4 67 79 30 44 85 95 49 35 2 73 13 27 95 42 94 98 2 55 38 7 25 79 10 75 43 98 76 69 98 42 73 65 22 4 10 7 99 
59 43 1 33 56 29 28 99 23 27 1 79 66 9 5 46 19 80 89 18 56 58 17 99 32 82 21 37 93 28 36 52 71 38 86 28 67 14 27 91 42 28 71 8 38 76 55 58 56 44 77 13 3 94 12 36 76 33 73 69 61 10 22 33 48 8 61 16 23 88 8 66 17 79 75 55 55 30 13 11 74 90 24 78 85 37 14 61 70 87 31 32 97 54 65 46 63 27 63 87 
16 71 53 33 50 29 89 6 59 3 17 34 94 42 12 79 79 26 41 50 14 72 83 12 27 48 59 90 76 22 77 92 94 31 26 44 60 15 51 20 18 68 54 13 11 66 92 91 93 33 41 8 6 24 20 33 73 79 23 49 1 1 42 96 33 68 41 94 84 92 14 2 60 68 15 72 35 8 63 28 41 4 37 47 29 57 81 2 37 5 52 38 6 94 35 40 63 76 34 47 
68 48 50 29 16 66 1 51 74 64 80 15 68 18 63 97 75 44 0 12 49 52 51 56 47 86 96 11 62 31 58 31 79 9 60 96 75 61 48 49 25 29 65 94 47 29 92 23 73 92 35 23 45 87 80 93 74 77 5 37 8 64 68 88 73 28 84 48 90 33 98 15 62 64 10 9 93 2 33 67 95 68 90 41 56 71 34 30 48 39 67 56 4 35 45 77 64 29 26 54 
62 25 70 25 89 80 35 82 83 68 50 78 37 41 19 93 12 54 24 60 94 91 17 98 27 62 76 92 92 2 47 55 27 17 81 17 98 16 0 81 85 50 60 22 91 80 16 4 34 40 64 29 32 82 28 59 45 4 52 38 7 99 94 35 16 75 52 15 92 52 96 77 3 56 0 94 37 16 98 72 57 63 1 89 46 30 49 91 34 1 30 42 0 24 77 17 0 29 32 92 
82 29 70 85 86 70 80 23 86 79 95 44 42 97 33 89 27 82 80 62 84 11 4 84 35 82 2 35 12 35 28 94 64 98 80 51 68 60 74 55 40 70 99 82 68 32 71 95 15 52 58 99 63 63 84 99 45 86 35 58 21 63 52 86 61 33 37 29 94 12 84 34 83 84 17 51 16 89 46 32 41 5 31 5 68 15 5 14 1 40 72 23 3 25 10 64 58 47 94 53 
60 79 87 43 63 4 94 80 93 41 12 35 47 44 41 15 59 46 30 61 86 2 84 90 28 94 55 87 42 50 40 3 29 27 46 93 31 41 74 25 83 87 60 30 31 1 45 90 48 76 52 35 78 36 26 6 31 81 93 74 31 33 77 61 61 23 55 93 65 30 18 48 17 79 79 49 81 25 40 29 1 92 65 79 29 91 86 60 73 80 34 5 14 11 66 75 35 22 68 1 
52 87 50 69 67 29 19 48 54 59 78 55 51 43 35 80 35 21 41 8 1 75 13 15 87 80 91 23 2 59 24 55 47 74 25 14 3 44 63 58 3 41 13 55 85 48 35 21 70 76 29 72 52 43 87 40 23 79 63 26 39 88 81 86 63 6 1 67 50 64 25 54 6 39 9 91 88 44 12 58 21 42 30 74 85 18 14 9 97 78 35 36 66 17 23 30 23 24 97 74 
89 23 28 95 62 37 86 50 82 99 9 4 42 40 78 27 58 93 37 56 71 72 93 38 90 17 68 13 42 66 87 31 89 16 26 51 53 13 2 36 12 11 40 54 51 18 82 10 11 19 67 83 92 60 21 82 78 90 96 20 56 84 51 45 0 77 97 53 90 99 90 3 10 30 58 62 48 41 72 60 61 40 43 53 0 65 36 78 55 33 98 12 17 50 57 17 27 55 71 18 
54 61 22 65 92 80 28 41 22 1 1 83 41 45 37 41 11 74 20 67 7 19 79 24 69 37 42 97 92 14 16 47 76 38 12 68 19 40 9 41 41 11 25 82 57 62 24 68 36 45 36 44 65 15 69 34 52 12 32 45 26 48 92 3 87 5 72 7 45 82 48 87 93 74 70 51 36 95 20 73 41 56 18 6 71 87 41 24 99 73 69 26 22 61 30 9 66 2 16 12 
84 65 0 78 39 71 29 76 67 49 50 8 6 68 14 77 56 55 2 55 28 72 82 51 33 12 61 0 14 77 13 99 43 14 77 83 86 6 59 53 56 10 61 62 78 76 40 34 31 42 90 60 14 73 11 48 85 72 49 0 50 63 0 94 77 77 77 64 83 37 17 40 47 79 2 26 55 42 60 87 85 51 47 99 24 59 48 10 32 97 11 83 61 11 77 39 88 55 3 72 
92 21 12 40 0 14 66 56 57 27 43 42 78 91 42 3 51 91 13 84 88 25 67 50 36 45 89 25 0 92 97 93 14 10 34 14 25 0 70 82 27 14 25 6 6 67 9 57 58 23 41 47 48 9 98 85 54 87 10 55 80 8 49 94 18 83 9 43 83 80 26 11 94 51 17 0 19 27 58 78 50 99 26 99 8 24 84 63 11 95 18 92 3 67 87 22 50 96 66 34 
76 92 45 71 44 63 72 63 90 30 41 41 29 67 40 38 92 25 1 4 20 19 96 24 87 83 47 37 80 13 72 56 6 17 28 50 80 0 13 71 30 55 12 60 23 53 98 15 78 99 19 99 19 16 24 6 99 71 44 80 85 16 36 91 33 64 41 14 64 55 85 95 10 98 55 34 51 53 49 30 53 69 29 72 86 54 78 86 25 22 66 10 38 2 2 72 67 43 86 32 
99 72 27 9 71 83 44 22 36 94 53 90 63 83 62 50 37 40 36 63 63 2 74 2 5 76 74 72 20 61 5 19 34 32 29 5 16 73 28 52 67 81 43 31 64 5 81 2 46 18 65 9 20 39 12 25 16 86 98 36 48 3 55 82 36 85 87 52 58 15 5 26 97 48 58 62 53 40 64 0 58 30 10 78 70 22 4 86 8 2 22 56 6 78 39 43 63 26 95 22 
42 0 49 40 49 7 2 2 47 67 3 5 97 13 84 67 35 89 53 44 92 76 1 98 55 40 41 19 66 37 41 9 38 91 49 87 98 51 90 46 19 93 52 16 6 37 84 42 26 38 86 18 14 87 17 70 27 59 89 93 96 30 3 34 22 52 22 20 3 12 67 22 5 19 39 12 56 24 54 83 62 40 1 77 27 19 47 55 78 36 49 75 67 52 9 89 4 31 10 8 
44 77 31 49 96 70 62 53 94 16 37 57 57 38 34 85 58 82 40 36 18 89 11 85 41 21 75 46 53 85 54 97 62 85 47 59 56 9 13 51 26 50 8 83 89 43 69 47 25 9 84 44 99 96 30 40 18 5 87 71 90 41 69 52 27 16 12 83 26 25 35 53 76 44 36 65 87 5 12 13 15 97 57 14 93 87 55 11 92 42 83 83 84 52 35 11 69 48 95 95 
73 30 48 49 74 85 15 62 91 28 75 7 25 33 21 19 20 76 30 13 19 14 96 3 66 32 15 35 80 10 31 54 41 80 4 15 66 19 77 58 47 53 65 73 86 87 92 7 64 23 21 83 37 17 87 4 50 2 40 31 13 72 85 54 53 90 69 19 9 47 78 57 1 43 30 88 31 23 95 95 46 17 79 84 35 66 88 85 69 29 17 82 1 2 36 54 93 6 74 2 
54 52 60 55 96 90 44 27 14 40 23 60 57 2 45 92 68 34 78 38 63 95 20 65 98 57 19 91 64 94 94 18 47 54 74 43 45 18 71 59 58 94 20 16 97 65 9 65 99 87 4 62 83 24 27 81 82 47 73 46 41 67 64 88 22 39 32 67 58 4 27 17 98 47 33 95 12 42 61 11 30 65 74 13 90 2 95 72 50 69 18 92 36 83 81 59 23 13 26 81 
17 53 98 16 1 31 12 13 74 74 25 4 40 0 18 31 2 13 4 53 83 23 45 19 6 26 79 30 40 6 11 58 59 9 74 60 41 87 74 15 62 99 20 3 0 38 34 2 52 38 55 35 61 1 55 68 27 34 98 67 40 9 25 0 19 0 61 61 88 36 77 50 35 97 54 35 36 88 38 88 27 94 24 88 95 80 57 23 15 55 90 56 65 15 56 85 16 18 46 4 
54 23 55 90 21 9 26 57 97 65 46 24 59 71 13 55 51 70 78 67 26 69 23 91 84 80 77 1 98 24 5 53 47 60 44 69 70 70 26 67 36 73 92 95 45 6 51 96 76 30 63 3 99 87 95 83 67 72 85 66 96 90 20 44 51 64 13 21 35 40 89 71 14 82 67 59 88 18 56 65 48 20 68 47 7 63 31 75 36 16 41 33 7 61 77 59 26 91 80 61 
32 70 32 47 52 0 6 40 18 63 5 67 83 74 15 91 38 47 66 74 64 8 7 72 70 85 31 96 77 12 58 9 82 91 57 34 91 64 75 10 27 81 77 11 55 93 2 93 41 69 68 5 77 75 77 47 61 9 44 38 21 2 48 3 93 5 38 84 69 13 94 97 94 72 8 49 66 10 43 7 79 11 12 57 87 90 4 49 99 48 87 21 50 36 24 44 41 62 28 11 
76 23 8 70 95 16 20 61 27 63 69 7 75 81 64 63 72 69 12 72 17 0 93 68 36 18 12 77 80 41 89 57 64 97 27 60 13 47 21 40 11 90 48 87 72 12 51 45 81 64 17 99 64 10 68 0 29 80 78 9 22 67 67 86 65 94 46 79 42 68 20 54 59 68 42 31 80 93 77 61 57 94 61 22 5 29 23 34 10 2 44 32 70 11 18 35 6 65 14 48 
33 34 3 93 2 45 24 83 39 2 45 97 96 6 19 2 36 43 36 46 45 81 78 16 93 97 51 99 62 66 48 96 1 51 89 4 97 14 87 37 16 33 34 13 40 54 16 76 98 53 22 43 34 1 60 27 98 11 27 61 78 76 58 80 28 47 84 25 62 72 62 79 5 97 93 46 51 9 22 50 62 44 93 96 46 54 24 44 66 52 6 44 28 64 24 56 12 9 82 75 
81 44 54 87 42 47 33 94 57 56 44 19 1 38 16 47 92 41 91 58 93 97 3 22 62 28 78 74 37 60 49 19 5 4 6 48 52 40 42 9 96 87 29 97 25 45 44 18 86 36 76 80 34 79 2 96 7 81 71 45 42 21 64 48 25 70 96 78 11 39 87 7 26 16 4 52 62 49 70 49 85 46 29 19 26 32 16 34 14 87 79 56 9 43 5 34 14 2 12 25 
41 0 33 68 17 38 20 80 87 91 29 73 38 59 93 64 91 9 99 6 97 78 62 6 22 68 41 36 70 54 62 12 55 95 80 73 33 1 53 20 92 82 94 30 42 87 95 34 96 94 40 94 73 3 1 96 71 43 32 41 98 95 53 53 90 34 26 24 35 80 45 28 63 39 59 5 26 55 39 23 50 80 18 23 83 19 19 54 63 52 95 61 48 49 14 39 83 41 63 19 
21 9 47 85 48 7 90 75 62 30 99 13 10 17 36 93 37 56 48 0 9 43 61 58 93 76 97 76 18 60 95 40 70 43 25 19 51 16 94 13 46 94 26 57 11 63 51 49 20 99 50 30 43 11 88 36 88 85 13 6 46 9 46 17 52 71 36 3 88 31 17 34 25 44 92 37 8 43 86 29 43 36 60 87 48 49 23 37 35 37 43 81 46 90 99 99 62 35 3 50 
66 21 85 92 66 77 29 74 21 16 4 64 52 64 51 1 14 75 38 49 12 82 31 59 73 30 58 35 65 61 86 32 82 71 24 48 49 53 23 70 69 28 35 22 93 87 24 7 63 63 56 76 46 87 35 19 17 94 55 83 55 41 16 38 13 40 87 62 94 11 32 64 39 68 87 33 55 11 40 18 75 96 95 21 84 30 41 1 24 96 85 80 38 1 19 52 42 6 14 36 
18 47 1 58 15 88 91 71 0 31 90 75 28 85 97 12 16 38 14 40 35 0 21 74 1 40 26 44 47 41 80 65 88 81 23 4 70 15 76 70 46 66 46 75 52 43 88 68 81 2 9 17 3 30 92 4 71 18 48 18 59 29 84 48 11 7 52 81 22 28 52 69 95 98 44 47 41 32 16 23 35 25 41 38 56 33 43 27 51 92 45 11 22 29 59 33 37 12 15 60 
41 68 30 37 66 75 84 8 7 1 31 43 26 72 82 83 6 26 10 57 18 55 69 41 85 29 74 23 42 90 83 83 58 13 20 24 88 5 33 96 6 64 40 33 37 22 16 43 48 27 1 67 83 71 8 68 0 83 91 42 74 75 26 32 88 46 57 77 52 90 73 59 55 14 92 92 36 9 36 85 37 38 53 20 9 62 88 10 45 80 52 19 56 79 52 44 25 10 22 78 
0 96 37 56 10 30 49 46 40 85 32 77 24 85 97 33 47 86 43 93 67 96 13 23 75 65 67 1 75 90 79 76 86 17 33 96 47 82 43 87 68 76 64 92 61 62 26 9 48 70 3 15 66 16 38 42 82 6 44 58 96 24 35 82 41 68 79 89 50 22 77 19 98 42 11 60 4 38 70 52 8 73 67 75 90 6 18 72 12 62 31 8 87 66 91 29 35 70 18 86 
93 95 5 91 38 17 51 42 55 22 94 64 95 62 39 85 69 58 58 81 21 90 90 8 56 82 37 92 52 56 78 46 52 84 37 90 1 89 32 57 11 27 22 7 90 62 93 59 20 51 41 41 41 32 49 98 14 87 91 67 43 69 13 95 54 50 85 56 40 18 13 51 45 36 59 36 98 52 95 19 4 37 60 46 69 10 44 83 97 36 51 41 5 64 36 60 15 22 16 55 
40 30 7 86 66 66 22 64 19 18 83 23 55 44 69 25 54 14 8 52 50 60 93 56 24 30 16 40 52 32 96 92 62 3 79 28 70 1 93 89 20 77 13 75 22 82 0 77 96 9 29 46 69 23 2 94 53 18 34 6 51 30 98 13 34 77 42 5 79 36 95 99 13 8 75 36 90 76 13 86 85 42 33 55 66 35 50 20 54 84 26 5 15 24 19 49 2 61 55 81 
97 50 81 11 58 56 47 48 32 60 35 18 3 68 74 70 4 24 90 58 9 16 63 24 41 82 74 43 44 29 25 42 79 6 53 38 63 1 87 95 62 22 13 66 91 88 36 95 12 27 54 21 43 18 46 84 1 20 28 45 50 53 87 30 60 41 68 23 43 55 19 6 78 33 72 70 21 9 65 33 37 19 55 80 38 1 64 39 21 93 84 71 46 72 1 7 14 70 30 58 
26 49 64 4 83 37 74 4 47 40 37 84 60 92 64 98 93 29 37 15 22 22 87 69 95 89 76 9 59 7 67 85 57 32 90 40 69 65 44 17 5 82 1 66 74 66 65 68 95 2 83 18 25 71 88 20 60 64 30 20 72 98 6 29 30 97 70 0 62 14 17 68 96 19 34 71 85 99 39 81 2 23 0 28 94 88 49 55 53 79 75 25 78 82 55 8 79 25 9 41 
40 26 10 37 45 45 8 31 45 48 12 47 71 12 76 66 0 25 21 54 5 97 79 83 79 35 92 59 60 1 1 1 28 11 38 74 56 47 5 1 95 18 49 66 30 26 33 31 51 54 85 56 52 65 40 31 0 32 91 61 34 92 62 62 3 1 37 60 48 43 62 44 61 12 10 92 38 43 23 90 98 9 47 50 74 87 82 75 20 73 36 54 66 99 17 70 0 55 30 49 
98 93 93 60 5 4 52 44 48 76 34 46 85 81 97 60 69 80 35 89 53 71 44 20 71 61 90 71 17 21 21 15 14 14 75 19 19 28 64 67 4 98 14 90 79 12 50 48 92 85 38 46 57 82 66 28 44 56 0 61 77 21 76 92 36 52 12 55 80 76 23 85 74 38 75 54 50 26 2 42 11 41 89 69 23 55 97 67 12 98 28 90 19 5 82 56 58 94 12 39 
70 36 24 44 74 0 99 24 26 1 67 38 42 56 7 66 12 5 33 25 3 62 15 22 67 97 79 25 92 91 64 62 27 89 7 2 89 6 26 15 8 94 54 51 51 61 17 64 66 51 89 70 13 4 93 81 2 72 6 94 64 70 57 92 60 64 94 49 71 21 65 79 15 19 31 67 81 49 31 48 0 20 18 14 25 11 95 27 84 2 21 48 73 78 40 33 43 34 82 14 
55 47 94 71 67 26 38 48 75 69 96 76 90 14 91 15 26 86 42 10 88 64 59 61 42 99 94 86 34 77 0 90 25 95 61 92 21 99 40 97 69 37 73 59 52 65 75 78 51 17 89 40 82 48 2 24 48 97 11 83 75 12 73 0 7 34 92 29 34 33 26 4 71 0 63 23 65 39 2 17 56 92 58 39 41 60 63 89 58 75 72 33 87 45 33 94 80 26 24 15 
60 51 19 31 51 82 54 17 22 57 35 79 49 93 18 90 54 82 80 13 57 53 46 44 99 80 39 79 6 63 94 66 14 13 97 66 96 52 84 19 9 19 98 59 13 16 50 68 98 30 81 55 84 27 99 83 7 39 63 14 3 58 80 17 72 78 84 69 31 69 88 41 89 86 0 2 2 51 71 0 81 52 55 66 80 55 49 88 95 12 2 98 70 83 16 42 62 0 11 93 
70 99 34 59 86 35 62 88 86 33 88 68 86 44 34 66 0 83 55 95 96 58 93 67 42 9 10 4 10 22 98 80 22 33 39 8 68 1 96 54 35 85 23 21 29 57 88 29 41 43 25 37 1 18 5 44 28 15 48 38 37 47 19 59 80 58 67 48 60 64 3 95 49 26 16 79 84 4 8 25 48 33 63 49 52 68 93 80 84 42 19 21 89 38 81 69 97 49 18 57 
13 22 53 63 49 69 42 33 74 51 59 22 85 22 72 37 91 66 17 75 9 37 97 98 75 78 68 72 27 87 30 41 9 83 4 58 52 46 92 27 97 51 49 82 74 21 20 66 88 38 41 97 75 38 96 50 17 64 22 45 52 52 86 62 36 91 21 88 37 13 15 35 65 65 18 40 87 38 6 75 77 48 73 52 87 69 2 4 34 25 49 86 78 36 48 14 27 70 3 65 
83 19 0 49 84 19 89 72 58 95 48 35 43 21 87 30 90 90 34 24 16 84 11 94 20 60 9 48 30 12 13 13 31 13 63 16 33 52 89 91 47 37 26 91 58 14 21 49 4 56 74 20 41 85 15 61 45 24 9 76 37 23 90 69 36 53 86 70 5 75 61 52 12 88 43 71 3 65 21 7 21 95 28 62 81 44 24 27 69 34 3 6 57 93 75 94 46 61 64 51 
36 26 4 49 14 48 21 18 14 42 25 36 37 54 98 18 99 23 45 68 58 48 74 16 42 50 11 89 11 76 41 48 2 45 98 17 94 19 35 8 61 61 44 98 16 43 17 15 67 63 83 26 11 58 42 54 8 53 43 19 30 84 68 32 30 66 50 25 85 85 33 46 47 78 45 63 22 63 79 90 26 63 16 38 21 59 92 29 13 35 49 43 20 17 76 50 84 26 75 69 
12 9 16 59 88 62 23 11 25 3 2 51 66 19 90 87 79 82 16 92 18 66 36 39 84 13 89 68 39 65 38 52 75 55 12 64 18 35 75 44 38 78 96 5 97 86 92 76 68 9 69 87 76 5 26 60 19 16 29 58 81 68 11 57 24 23 21 42 59 97 86 98 75 82 3 72 68 95 49 37 5 18 24 81 24 51 41 43 67 71 2 49 39 13 7 63 36 28 5 95 
25 92 93 0 74 96 73 43 92 22 80 97 41 5 78 66 57 20 9 25 91 12 75 30 25 82 94 62 11 0 58 36 92 51 37 67 48 11 10 41 34 91 39 76 97 18 42 54 38 51 79 30 64 54 61 89 37 55 52 48 55 10 85 47 61 23 14 10 35 25 51 69 16 90 45 13 8 87 67 47 39 47 77 3 2 38 93 40 94 45 88 49 55 74 97 17 97 12 28 33 
37 80 2 54 71 48 67 80 36 35 27 76 83 5 79 85 44 73 25 38 18 14 88 74 88 86 92 86 98 20 19 36 0 22 91 71 71 58 51 7 94 79 83 77 84 63 63 28 36 89 67 55 4 56 30 93 42 22 79 41 42 99 78 43 22 69 14 93 28 66 0 22 45 84 0 29 47 64 58 83 53 26 39 58 82 69 51 25 92 31 66 35 30 44 78 53 13 93 46 41 
59 46 64 4 30 65 34 78 29 93 62 83 19 1 41 2 71 92 27 63 23 94 98 54 38 77 7 52 70 53 94 30 0 59 35 31 24 70 10 53 63 72 37 83 73 78 86 45 71 13 8 95 8 7 49 47 85 57 99 55 11 94 86 12 53 21 44 77 91 54 31 55 26 68 38 0 47 24 45 18 38 54 14 47 61 64 94 46 21 93 2 33 88 88 45 41 9 90 19 1 
44 50 56 71 19 94 71 66 19 16 85 58 71 0 5 33 64 99 79 86 93 82 19 82 71 65 23 80 55 43 82 0 94 38 71 13 33 42 80 52 59 66 11 30 66 17 63 30 17 43 16 10 26 36 92 97 1 16 78 56 60 60 56 54 98 28 67 31 70 48 84 30 14 96 61 80 13 24 11 30 68 27 41 94 63 34 92 65 51 70 22 11 31 79 65 29 7 33 61 78 
81 46 8 96 42 69 76 56 94 87 86 63 15 28 58 79 62 50 45 13 21 67 25 52 46 90 82 54 23 43 32 5 90 40 1 33 10 78 89 4 66 76 68 82 5 26 61 67 76 6 81 97 74 6 50 20 97 32 74 21 76 7 26 66 48 28 0 58 7 90 63 73 66 31 55 71 57 17 39 34 23 21 32 98 28 82 18 25 15 93 47 91 1 73 58 49 2 58 7 9 
48 71 83 15 2 38 87 60 56 26 95 80 48 27 78 76 10 97 2 25 90 49 17 91 23 75 41 25 34 48 35 83 20 18 99 22 57 86 83 13 13 78 93 61 6 71 38 16 68 40 42 59 89 59 51 12 35 92 38 69 41 74 53 61 93 52 84 50 38 68 64 51 46 58 13 52 30 51 69 98 92 11 58 82 70 10 95 5 3 33 75 44 8 28 6 1 81 91 51 19 
59 16 71 5 74 85 58 4 37 28 3 29 39 62 11 10 72 6 16 75 40 92 20 48 21 27 49 2 18 1 22 77 17 93 83 91 79 42 95 16 70 99 45 10 61 57 21 33 63 37 9 4 30 29 52 51 56 2 54 75 3 76 52 21 69 36 12 49 78 8 65 49 7 10 59 68 68 81 2 31 19 11 36 49 41 88 1 98 91 55 73 94 31 26 15 1 62 28 50 41 
36 15 90 44 26 50 13 94 31 16 26 50 27 62 99 69 51 0 67 42 56 41 37 87 67 52 89 29 81 39 70 17 55 61 62 82 11 76 76 42 92 3 93 19 65 92 89 17 93 56 59 49 97 97 37 65 49 26 94 30 66 65 48 21 26 11 3 38 87 80 81 79 83 74 99 49 66 88 67 60 45 26 10 43 23 47 8 73 74 2 4 40 68 53 62 95 64 66 33 52 
47 14 31 30 88 30 80 55 19 47 15 64 74 25 7 98 73 15 72 47 18 76 88 86 30 50 82 95 17 15 47 64 30 78 94 19 9 75 75 29 22 91 93 97 16 1 95 90 16 67 38 35 44 26 22 74 76 4 69 93 20 16 58 51 95 52 70 5 28 46 34 51 37 28 48 54 29 43 44 46 11 82 82 55 8 4 30 85 9 99 79 30 16 37 81 12 90 52 18 18 
98 53 69 35 81 18 89 11 61 33 58 73 16 40 28 25 45 59 10 54 59 90 84 75 27 66 88 18 18 7 37 17 60 7 52 42 25 42 54 87 76 12 60 92 53 89 17 98 48 28 53 7 18 38 83 46 5 72 65 24 79 2 41 40 10 94 82 35 36 36 23 12 48 84 4 2 73 22 1 22 51 54 30 70 93 14 16 98 86 82 22 66 84 64 6 95 58 88 30 94 
25 54 7 74 38 11 76 12 34 77 34 85 32 65 55 26 79 72 25 66 54 47 32 39 12 38 35 70 27 66 65 52 20 72 27 58 84 3 71 18 81 6 4 14 71 60 40 50 33 66 16 88 13 49 28 26 87 63 96 15 29 61 68 49 33 95 8 18 99 79 36 81 85 41 95 57 1 36 8 35 2 25 23 16 74 51 43 62 14 39 77 43 1 46 93 35 41 1 53 41 
81 90 22 67 31 18 24 33 55 32 68 58 57 91 75 32 43 18 94 57 58 72 1 59 18 94 94 60 96 47 1 77 37 24 44 69 43 69 2 99 2 71 57 60 62 33 92 5 51 87 63 9 59 64 69 78 59 64 38 55 11 40 33 49 65 78 19 9 47 21 8 50 92 66 10 55 0 3 61 51 90 24 61 49 89 31 28 48 95 66 3 7 7 37 57 72 15 76 81 63 
97 90 13 90 57 23 46 57 26 7 9 16 31 71 66 20 2 94 69 97 61 72 5 68 10 62 41 25 38 23 88 36 14 1 26 71 25 72 28 52 79 37 69 11 8 35 32 11 30 1 8 91 74 13 60 84 75 2 10 14 25 98 50 39 0 76 10 26 49 39 78 29 77 47 41 85 83 73 96 13 75 5 5 49 19 66 34 95 68 44 9 93 42 59 33 43 36 44 69 86 
83 48 15 60 96 56 46 79 30 43 93 5 48 99 54 68 65 89 63 34 33 73 28 76 33 61 19 70 5 89 56 89 38 72 49 34 29 96 13 59 39 7 65 88 7 20 56 73 9 20 7 42 94 35 18 27 97 38 97 3 27 54 93 66 26 42 0 56 39 14 16 78 21 81 66 29 2 23 2 11 43 9 54 38 45 73 65 43 11 63 46 39 18 39 5 45 82 5 1 21 
20 17 0 42 99 67 71 1 90 73 13 34 82 67 72 28 40 38 71 52 2 18 91 20 57 96 65 40 2 66 62 22 84 62 65 83 30 36 85 20 9 98 55 92 66 28 20 7 66 91 59 68 9 51 89 67 47 54 8 50 21 70 73 5 33 38 89 63 74 74 84 84 73 39 76 39 67 96 47 34 88 6 3 98 57 92 65 5 46 73 56 68 44 30 73 77 68 63 41 43 
38 25 28 11 65 4 51 33 1 98 67 90 5 70 88 63 62 54 69 9 28 26 77 72 56 51 50 25 15 92 68 53 17 97 65 83 2 16 16 4 15 84 94 21 54 83 85 17 38 54 27 67 80 5 40 36 56 90 61 72 82 30 25 0 28 90 84 30 7 1 34 22 85 29 44 40 12 29 57 51 83 84 18 64 89 58 1 46 48 63 18 31 94 44 32 22 35 17 52 42 
18 87 65 3 16 9 43 28 38 1 79 22 86 98 87 75 56 88 22 5 52 41 36 46 86 69 68 21 87 21 63 5 8 28 9 24 37 53 53 76 54 33 99 40 31 86 16 87 75 38 93 27 80 30 73 66 99 42 87 87 63 50 92 72 79 1 97 16 54 51 93 9 84 92 49 16 78 65 4 53 4 97 80 84 27 54 51 27 96 38 14 60 89 7 32 68 9 30 85 64 
81 78 73 65 71 23 82 49 88 87 3 93 84 83 78 12 38 29 40 34 68 55 94 58 62 27 26 71 57 12 36 38 91 9 4 62 33 87 12 21 74 15 15 59 98 93 72 36 22 12 71 91 68 66 49 30 93 76 2 51 88 39 90 80 48 95 42 81 82 54 3 57 69 18 16 68 12 89 5 35 2 77 26 70 43 75 1 37 52 3 88 41 42 78 21 91 74 64 73 56 
19 77 13 89 96 30 58 8 20 63 43 22 40 70 92 84 46 93 21 98 97 10 39 40 88 61 31 63 25 5 19 45 82 33 34 78 64 92 87 84 56 30 6 97 1 99 81 47 92 2 45 90 12 85 30 1 47 62 64 73 67 84 18 50 17 52 29 81 45 16 66 1 47 72 98 48 72 79 95 65 82 41 55 95 27 86 96 74 48 61 47 16 45 66 67 62 19 96 44 64 
12 11 66 59 83 65 8 56 45 3 21 27 45 76 22 72 63 19 47 11 80 95 28 25 61 95 88 80 91 33 44 4 44 11 64 28 76 72 84 21 76 5 49 21 82 72 94 45 91 41 57 71 36 85 96 98 81 85 78 73 18 23 78 62 34 42 90 11 15 74 32 91 80 82 13 62 54 8 8 45 49 65 17 86 51 14 84 32 99 63 6 17 86 84 80 21 26 70 32 42 
45 65 33 25 47 47 88 2 55 96 48 5 62 65 92 13 79 77 46 79 40 52 97 27 36 77 48 62 48 81 4 93 47 38 19 95 86 8 97 42 4 45 47 67 11 40 80 91 17 26 70 58 78 67 85 14 44 34 77 93 15 82 86 62 21 6 58 7 14 55 49 19 1 97 87 12 37 67 3 55 94 74 13 72 41 99 87 86 34 65 79 49 47 66 12 69 73 70 76 88 
26 26 8 27 24 95 40 61 62 44 17 56 18 31 29 59 30 17 46 64 82 25 14 29 92 27 99 66 98 75 54 24 2 62 52 26 57 93 88 20 37 5 77 55 37 7 15 67 24 61 31 6 87 46 36 80 73 35 46 72 11 0 97 13 63 49 40 20 42 29 41 79 35 19 35 72 26 50 39 50 11 71 57 99 18 93 79 92 28 25 64 39 25 61 53 88 11 94 9 53 
23 51 33 59 70 69 31 97 19 71 47 31 43 5 30 61 98 9 53 27 34 18 67 60 79 20 48 90 15 58 44 39 9 78 98 80 47 30 77 66 1 25 97 45 30 28 6 29 37 60 56 72 78 23 32 57 44 81 48 59 39 92 99 49 70 97 30 18 28 7 84 29 33 82 75 63 10 81 92 48 42 48 20 21 72 53 79 16 34 27 76 74 20 75 24 91 73 54 9 1 
