17 45 67 19 70 73 72 11 39 4 47 89 71 91 14 25 88 56 84 83 57 5 71 61 65 67 48 8 91 21 12 9 66 79 28 36 52 0 47 92 5 95 81 76 86 96 2 75 52 86 58 9 92 30 71 58 98 20 67 89 41 79 99 8 58 27 44 11 28 92 3 33 87 84 10 73 80 13 48 33 0 7 42 92 38 14 51 36 34 18 26 76 97 25 84 55 53 28 67 82 
21 70 16 8 54 27 82 35 40 31 68 40 39 11 33 77 25 84 14 59 3 41 36 0 66 20 56 20 49 23 3 70 93 20 79 48 47 61 84 87 92 53 28 32 64 61 9 90 46 24 50 49 65 86 50 32 6 6 53 55 30 56 25 24 76 4 72 23 66 57 11 59 10 40 91 74 2 1 65 48 25 15 98 90 1 48 23 7 55 76 63 85 33 89 10 9 93 82 33 60 
39 45 19 50 85 11 25 88 12 90 37 37 5 35 28 6 84 52 14 40 28 78 26 61 67 36 71 61 19 4 21 58 50 40 9 36 52 34 24 64 24 61 2 30 97 30 37 82 82 51 22 11 30 48 72 97 84 44 58 3 48 79 62 99 20 72 35 72 6 60 36 31 21 38 61 19 69 98 1 52 50 23 63 80 72 36 77 57 80 35 61 29 15 24 28 35 96 64 8 2 
24 45 33 46 84 95 65 53 93 66 6 44 90 69 24 63 6 2 20 86 38 81 16 53 6 44 89 2 9 98 5 33 43 39 79 27 34 45 81 28 12 87 72 3 56 97 66 63 0 86 49 38 68 66 92 75 11 82 77 20 80 83 53 23 22 33 51 56 78 32 85 91 19 57 94 76 55 60 40 55 47 90 94 16 56 86 91 67 68 69 87 49 52 41 73 74 74 24 31 53 
57 16 44 77 74 39 54 29 0 94 85 48 84 79 64 40 65 56 7 34 26 94 84 78 35 57 53 10 81 85 63 39 1 8 16 76 48 70 6 48 64 91 96 48 70 61 88 36 18 96 71 44 90 55 22 26 12 76 37 94 61 1 33 63 9 49 39 58 20 45 6 84 37 3 32 7 64 21 44 82 17 15 27 8 70 49 35 83 26 72 78 87 73 11 50 83 61 90 41 81 
36 47 66 73 51 99 81 15 20 25 98 38 40 25 46 11 75 81 95 1 53 73 89 27 85 39 10 46 30 51 28 66 98 94 39 49 93 21 65 14 46 64 52 86 90 99 98 65 81 93 67 34 66 56 62 51 96 72 98 26 23 27 93 22 22 33 72 16 54 38 30 0 2 83 87 92 82 86 58 63 79 26 98 46 82 60 98 79 32 97 6 56 24 99 78 47 32 50 63 87 
88 94 87 91 77 75 84 60 61 43 23 41 69 22 88 51 82 86 31 15 84 37 72 8 36 50 56 69 1 19 56 90 13 44 81 90 20 66 50 81 9 74 23 78 96 11 30 79 97 61 95 81 98 67 90 35 18 46 4 19 66 61 9 79 6 91 70 26 58 21 8 67 96 31 46 92 42 76 72 40 37 68 22 36 35 13 71 53 60 76 73 26 37 83 6 43 75 77 70 33 
98 78 1 94 10 47 87 53 23 60 93 61 28 16 98 64 30 69 18 90 46 91 17 84 75 24 27 50 1 98 84 0 76 85 94 87 32 82 40 56 42 34 18 71 50 16 35 81 86 53 72 32 45 89 16 20 14 44 71 15 42 55 15 19 41 10 6 73 92 47 30 35 81 48 6 32 64 41 13 51 95 85 83 40 75 0 61 89 45 32 4 87 88 20 7 29 30 14 3 23 
62 33 58 43 81 64 75 46 6 88 97 1 74 81 42 49 81 3 39 26 36 43 14 25 64 22 54 94 37 57 17 99 91 75 42 73 40 18 19 46 7 17 48 81 98 90 31 80 94 70 7 31 14 22 56 78 44 11 72 82 69 90 82 60 66 25 33 6 43 53 53 50 70 2 32 69 92 63 50 87 34 57 19 48 79 75 27 24 87 0 6 57 90 88 17 57 14 51 64 57 
5 17 8 76 19 41 46 12 5 96 0 39 53 19 88 33 95 15 57 83 15 64 40 6 53 58 63 67 10 27 24 15 45 33 92 65 74 38 78 79 34 78 18 87 98 7 21 93 22 78 76 38 43 16 44 96 74 8 63 84 36 88 0 82 22 92 47 96 30 26 76 65 4 95 52 2 2 73 96 25 52 73 63 95 89 8 92 64 17 55 49 53 44 50 35 66 42 83 63 73 
9 39 38 14 34 91 17 36 65 14 61 17 87 25 13 77 33 5 41 51 61 91 4 6 41 40 72 83 24 36 57 34 75 95 49 9 86 66 46 51 80 8 69 67 34 83 44 68 88 86 19 50 77 23 56 19 64 28 3 88 65 60 23 40 55 72 50 42 38 97 94 19 6 63 87 40 46 32 8 35 18 27 85 96 51 41 16 15 70 19 4 35 79 27 76 35 0 26 78 39 
23 72 58 29 36 45 70 83 77 78 19 96 5 4 93 57 46 9 72 17 28 77 52 8 5 28 44 5 55 22 45 79 95 3 9 32 49 79 16 27 57 35 23 63 40 17 20 86 26 93 3 54 71 56 63 76 84 7 82 40 30 27 19 25 31 28 58 80 7 74 8 64 9 31 28 49 48 49 35 75 42 39 30 13 95 93 90 80 1 73 20 31 1 39 57 32 67 15 13 75 
89 21 40 98 53 68 48 2 17 84 77 60 23 8 74 19 1 65 99 2 38 19 34 40 59 91 72 27 7 86 2 96 7 43 95 61 12 43 63 29 27 41 90 51 49 64 70 50 29 70 53 68 90 88 8 49 79 81 77 87 67 80 83 75 23 79 36 35 22 99 65 50 40 55 2 90 20 72 40 50 43 94 19 33 82 28 83 62 9 60 49 77 40 33 52 64 12 89 0 35 
89 65 85 30 21 88 20 42 61 61 93 4 55 12 37 38 40 20 0 49 81 50 27 22 83 80 87 95 69 87 30 58 53 16 89 74 4 9 17 65 70 10 70 26 22 7 64 63 28 64 13 9 14 40 32 98 20 19 93 90 6 24 49 59 41 38 34 46 48 52 12 18 62 82 45 85 89 9 48 18 73 61 28 88 2 60 86 22 79 80 13 86 4 62 46 46 0 80 92 48 
32 4 67 95 86 12 81 76 21 29 94 95 91 22 84 93 83 71 16 62 51 30 49 56 92 95 2 93 76 95 42 9 99 9 4 85 22 85 62 44 15 56 40 7 79 25 1 62 96 17 25 48 48 74 4 40 70 7 33 46 2 75 55 1 85 60 87 8 45 49 52 61 6 93 68 86 18 69 48 14 87 74 63 35 49 67 76 19 75 9 65 77 85 20 79 71 81 67 79 26 
16 32 88 23 25 56 10 44 26 59 59 13 33 22 49 82 89 25 2 64 34 67 42 20 88 21 91 69 88 70 96 5 2 84 29 28 41 39 72 67 98 31 80 32 53 29 15 43 54 17 8 89 85 51 10 73 72 1 43 61 72 39 67 75 24 97 3 65 36 76 32 35 8 13 68 61 43 83 5 98 0 13 87 85 64 97 59 37 99 2 99 71 42 66 46 66 63 50 31 0 
26 64 36 34 77 4 96 20 88 1 18 89 15 6 74 80 3 34 18 3 37 17 74 79 84 21 45 48 71 77 49 97 41 85 31 19 89 28 39 78 29 57 67 45 63 42 25 67 76 44 70 13 61 45 93 46 66 39 94 37 16 43 35 58 29 67 77 19 95 17 97 25 74 64 70 38 6 96 6 82 40 77 96 2 22 89 48 89 29 43 26 46 87 62 4 16 29 82 35 24 
99 32 49 74 97 20 13 3 16 19 86 57 97 83 60 19 73 8 9 2 52 36 48 39 98 53 56 27 35 92 52 35 25 1 10 22 22 23 26 39 43 12 96 40 95 56 60 69 65 69 71 18 5 20 58 4 73 14 31 9 7 83 45 32 85 55 55 8 79 81 47 22 93 44 63 89 1 23 58 66 93 30 84 99 50 43 3 23 58 34 33 65 18 78 97 4 34 52 12 13 
33 60 35 27 4 98 17 5 22 76 72 15 6 57 14 56 0 17 80 58 52 14 23 71 92 21 75 26 74 88 40 8 49 75 35 53 74 53 59 97 29 31 12 35 89 27 92 89 45 73 48 97 87 72 69 80 93 44 7 67 33 47 76 82 23 11 36 98 64 96 95 94 27 8 29 17 35 22 6 80 95 55 78 83 27 47 64 21 92 71 89 26 18 65 9 41 76 45 39 41 
41 35 35 69 43 65 86 78 87 93 59 83 48 38 67 76 85 31 97 78 2 86 4 21 51 13 63 28 59 3 70 1 38 6 70 81 72 57 60 59 50 20 43 99 58 11 75 43 42 73 21 45 59 26 66 11 39 29 40 98 32 10 99 70 17 70 52 89 28 13 49 78 33 92 78 91 4 54 35 46 27 57 91 86 83 57 98 22 87 38 21 20 49 21 90 66 92 43 55 20 
56 4 99 90 97 77 82 1 32 17 48 59 74 39 45 58 97 43 81 85 82 3 5 31 24 96 97 17 39 53 37 96 58 37 87 55 15 69 57 47 87 5 6 62 45 52 20 43 96 1 28 78 4 33 10 29 29 8 46 69 61 84 66 19 22 53 75 37 23 32 85 10 38 91 72 84 44 92 27 40 94 55 19 99 89 29 28 18 37 75 88 99 60 54 19 83 8 94 21 31 
27 6 41 66 98 13 50 42 6 77 83 1 33 3 0 22 32 29 41 70 4 30 70 65 84 89 49 92 83 70 23 11 76 65 77 75 79 27 18 85 5 1 86 38 4 86 61 37 16 2 8 21 33 78 86 17 67 36 10 51 6 34 62 83 99 39 58 78 67 76 64 72 78 51 11 82 38 72 20 54 75 28 75 8 6 62 26 74 98 36 25 4 70 88 87 70 27 46 49 95 
22 13 67 0 64 79 83 2 51 4 56 27 32 32 36 39 94 62 14 92 99 39 96 70 27 84 40 55 30 90 50 53 3 18 54 68 98 37 71 50 42 27 77 74 59 13 14 54 76 28 46 75 68 43 46 96 27 86 51 58 77 2 11 80 21 65 49 19 3 20 69 45 48 47 20 8 61 35 62 38 64 8 13 32 52 59 28 80 46 80 38 24 83 50 5 5 16 54 24 19 
74 94 65 23 42 86 31 4 21 93 42 86 2 56 18 54 16 47 34 63 27 72 87 10 23 92 15 39 46 40 59 21 35 25 44 78 11 75 82 33 68 24 19 71 80 38 25 96 85 59 59 12 32 47 23 55 39 39 95 85 80 54 7 16 79 51 94 91 27 77 24 96 1 44 67 82 82 92 79 67 52 39 80 84 86 4 40 25 44 35 11 24 89 19 40 69 70 35 60 98 
12 85 94 14 29 62 97 11 54 77 79 7 16 60 91 3 64 32 28 8 67 40 33 57 59 74 27 30 9 87 29 22 72 24 37 1 86 35 13 41 12 93 48 28 53 40 31 18 72 60 26 40 1 60 98 61 34 25 92 44 12 21 67 85 46 5 86 32 40 0 73 52 93 22 81 46 62 13 65 35 74 91 76 75 51 74 37 86 99 29 30 12 51 97 97 98 2 84 30 43 
84 4 95 78 27 77 25 89 90 90 25 64 82 1 40 34 76 77 20 76 7 51 88 59 49 86 57 52 70 88 95 55 93 91 33 20 68 59 10 58 49 35 23 31 37 63 65 14 41 86 90 49 37 79 8 86 65 66 38 36 55 33 92 48 24 26 68 93 85 79 51 35 15 75 67 53 38 33 67 80 19 57 29 56 37 38 43 3 4 81 40 60 15 32 8 40 59 77 33 45 
57 85 80 72 60 47 25 99 80 92 79 99 50 8 56 87 46 99 91 51 81 31 12 96 63 21 37 22 99 70 68 56 55 48 28 16 96 54 15 76 47 94 76 98 3 33 86 50 33 77 2 14 8 14 11 71 35 48 94 34 19 62 91 75 11 19 92 7 74 7 84 21 2 60 20 6 94 6 56 27 83 59 42 91 73 53 63 9 2 58 44 22 20 35 98 32 55 90 39 29 
97 24 51 0 84 71 6 79 77 63 6 60 22 48 52 96 2 15 5 5 73 49 27 94 84 25 26 40 16 66 69 14 90 20 14 75 91 21 54 69 84 61 29 7 9 81 3 12 97 9 17 70 58 45 65 43 71 91 83 87 58 53 1 48 73 16 24 65 37 79 35 21 40 65 28 50 47 32 62 44 41 80 14 0 25 80 44 97 71 28 84 30 81 86 79 55 2 3 21 39 
82 56 61 22 21 90 72 68 22 34 12 63 15 27 64 40 7 8 37 79 36 22 9 17 8 88 72 11 92 94 51 74 50 12 97 72 3 69 40 25 4 53 89 19 81 53 60 89 61 97 69 98 20 78 15 28 67 88 40 59 83 91 34 33 3 31 5 6 1 46 32 6 0 22 25 82 76 86 71 37 84 40 36 4 19 51 33 87 40 73 47 23 64 81 57 68 13 63 75 14 
10 8 20 10 30 46 93 6 32 64 44 16 5 80 21 25 32 54 12 73 27 59 97 92 41 54 61 54 18 36 68 28 44 89 39 75 35 32 82 68 97 26 85 2 7 6 27 40 60 39 13 88 99 11 81 40 65 42 94 84 78 63 12 23 52 51 99 87 84 81 56 81 7 41 83 15 47 11 55 8 51 69 96 50 80 77 90 46 19 85 30 98 48 42 22 1 94 21 89 78 
2 45 59 10 86 43 25 33 54 80 41 5 50 38 56 30 15 47 76 35 32 6 34 81 49 56 82 43 78 71 22 80 16 81 91 3 25 16 36 79 97 78 85 47 16 41 78 32 88 54 68 21 61 3 2 10 60 85 53 38 56 75 19 73 57 10 76 82 26 13 62 24 91 48 71 8 89 49 41 78 4 10 99 65 13 2 75 73 87 29 12 44 5 31 17 63 41 93 46 68 
7 8 92 99 57 64 8 46 14 49 25 18 60 25 84 74 27 60 48 14 90 60 58 95 91 76 58 33 69 5 1 77 13 93 76 71 57 84 18 71 34 43 90 94 68 74 69 95 35 17 10 25 77 69 20 69 45 79 2 15 84 3 92 98 96 69 69 54 53 87 26 87 31 16 82 0 91 51 96 26 68 6 51 46 76 72 16 22 51 18 37 36 22 30 34 19 99 4 73 53 
92 99 41 23 16 23 23 8 75 19 34 44 26 86 90 3 58 7 25 10 25 63 46 47 93 81 66 93 86 40 46 78 40 88 2 57 11 26 65 87 46 99 31 73 85 22 76 44 29 1 54 55 64 1 2 58 83 69 51 69 10 98 48 50 86 51 7 98 77 72 85 24 72 16 97 58 39 73 3 68 75 58 23 39 59 26 97 43 95 49 13 6 48 62 56 34 13 64 33 91 
37 18 15 10 35 12 69 74 86 72 43 61 30 66 0 90 92 98 33 88 47 47 95 95 9 52 30 22 16 64 13 54 82 28 65 18 41 34 92 27 6 35 89 37 2 89 27 95 88 61 84 36 8 79 32 18 31 62 40 48 27 54 3 9 83 68 27 25 3 20 52 9 56 41 47 59 31 74 54 20 36 38 56 45 17 88 63 49 51 4 97 78 58 0 88 42 69 16 67 72 
37 20 82 93 62 29 52 93 4 7 13 40 45 70 85 63 58 49 12 10 53 10 89 12 11 77 54 80 94 22 52 31 42 34 24 4 64 77 98 68 85 12 9 30 82 94 94 41 44 7 52 98 17 41 10 29 19 65 9 13 87 62 44 30 97 69 34 61 47 32 29 32 45 38 63 27 33 57 68 78 65 21 76 82 62 86 11 81 52 21 94 40 83 38 70 80 8 5 41 55 
38 71 87 83 10 50 11 44 7 80 22 72 1 99 55 63 86 67 44 38 89 39 79 72 78 49 53 86 55 95 41 93 66 29 77 77 79 88 21 87 68 44 60 69 43 16 32 29 84 77 68 73 17 47 45 95 97 99 82 52 94 24 46 61 53 23 38 32 11 60 20 79 4 80 48 48 97 81 78 81 59 46 54 76 94 0 72 91 99 54 43 93 78 89 54 31 13 93 64 24 
53 85 4 58 65 52 6 62 34 85 43 93 31 98 69 26 98 42 17 97 96 61 91 75 51 46 7 64 39 71 89 92 56 93 51 22 45 57 85 80 43 29 73 75 27 43 1 25 85 18 23 82 80 15 57 31 61 64 96 1 36 85 93 93 78 44 15 24 2 1 4 45 30 78 20 57 21 22 83 7 41 7 89 21 23 46 53 84 11 49 85 47 35 79 40 13 24 56 38 27 
58 43 72 88 21 93 46 43 15 30 50 56 38 39 78 61 86 31 45 97 81 31 45 16 11 86 30 35 43 68 62 1 11 35 90 33 29 36 77 45 67 27 2 5 67 81 66 54 12 12 52 93 44 97 9 55 84 39 91 27 8 54 29 20 90 19 54 19 56 31 65 23 58 68 29 26 49 95 80 62 8 32 55 52 30 65 8 14 5 99 42 13 54 71 34 44 90 88 64 47 
19 30 70 78 98 99 4 48 95 85 10 4 18 66 57 49 31 66 64 37 65 6 50 20 77 85 64 68 73 29 15 92 59 86 71 58 86 75 6 82 61 16 86 79 82 44 29 14 10 93 51 76 99 2 96 77 87 61 46 61 90 62 54 50 48 25 8 35 1 14 17 62 31 4 42 14 48 72 28 59 65 80 35 64 82 32 42 70 93 88 31 84 51 85 34 99 11 43 35 12 
57 52 75 89 57 18 3 6 90 31 65 56 12 1 20 94 33 63 65 27 52 96 12 3 82 47 3 94 90 38 7 47 91 83 36 48 2 40 54 93 71 20 49 84 21 70 78 55 33 44 83 86 41 95 89 23 42 93 18 32 31 25 80 22 9 17 71 11 57 26 4 29 46 53 13 67 23 92 23 57 36 6 43 77 1 32 1 44 25 19 76 57 45 57 80 54 74 52 66 31 
78 70 61 24 24 74 92 47 66 15 5 3 21 48 80 23 81 81 67 7 1 44 64 46 1 45 1 75 97 67 7 75 38 69 0 62 43 93 10 10 9 15 13 30 64 93 54 45 75 21 53 76 66 18 23 67 63 24 43 61 92 51 36 30 20 37 92 63 30 3 74 40 18 87 71 82 81 25 28 57 47 81 33 13 99 57 81 63 82 24 24 74 75 61 5 95 98 98 59 29 
1 33 69 20 21 41 3 2 66 32 60 13 13 94 27 13 51 8 76 34 32 1 8 8 62 14 3 61 13 63 91 14 96 61 35 17 2 39 20 69 71 81 83 85 75 10 98 26 18 75 60 51 77 69 60 39 84 63 1 97 27 92 12 23 54 47 41 57 86 62 26 58 43 9 43 19 19 42 46 38 18 7 90 95 77 50 35 61 14 36 58 41 29 71 65 84 19 7 41 6 
69 67 64 13 76 7 33 96 50 79 35 68 86 26 63 63 76 99 24 91 35 83 33 65 55 98 49 74 5 90 80 75 57 45 89 34 53 22 31 3 1 67 71 88 93 35 51 70 34 76 61 70 60 95 35 15 93 84 89 99 75 70 75 32 15 65 67 68 87 99 71 89 66 43 77 59 79 29 30 14 5 92 84 65 87 20 80 81 4 70 80 80 40 56 12 56 21 80 24 9 
79 96 98 46 39 76 6 19 5 36 33 11 29 18 76 16 39 57 97 44 28 78 24 68 35 36 24 56 17 49 65 97 45 64 44 85 41 50 5 46 87 38 58 16 57 35 33 96 92 31 40 20 10 64 89 45 1 14 1 19 64 67 17 9 31 61 95 72 11 0 19 99 39 78 15 97 13 49 93 5 80 34 26 90 99 16 35 0 31 37 20 95 4 37 5 36 98 0 9 10 
1 29 9 40 7 25 37 20 74 31 26 54 66 53 45 65 70 80 66 1 18 86 97 23 23 3 60 22 3 70 32 5 99 41 46 7 67 84 28 41 15 55 95 81 9 41 46 79 22 13 81 40 99 79 63 23 82 24 45 86 94 78 91 94 20 37 1 87 22 30 28 37 85 24 19 95 65 66 74 87 79 56 28 79 35 91 2 17 16 48 4 10 27 95 4 47 33 6 34 55 
36 63 93 22 87 13 17 53 79 92 41 59 48 69 38 84 61 41 1 77 90 6 87 17 1 92 65 35 98 0 91 34 63 85 56 51 98 74 4 78 66 46 37 14 15 76 98 77 18 0 54 8 6 42 26 8 34 92 44 33 92 35 67 55 20 24 6 19 99 11 97 65 58 34 80 73 11 78 51 29 79 6 38 86 49 65 95 84 57 39 17 49 75 85 4 95 10 11 15 9 
23 12 74 81 47 54 55 58 33 6 88 13 13 26 99 62 92 94 46 49 34 63 99 9 48 3 5 59 15 20 68 39 32 42 20 79 97 76 38 30 83 26 44 96 53 43 58 45 38 5 95 72 68 94 81 17 98 87 76 14 7 45 53 40 87 74 20 85 50 58 16 34 85 60 30 39 4 89 85 43 94 80 15 63 75 97 81 73 84 58 87 92 3 41 32 91 15 52 76 66 
11 92 1 97 53 32 36 57 21 21 0 16 2 16 80 77 14 61 50 99 19 38 91 23 80 24 14 96 76 91 62 88 84 64 85 38 96 21 96 17 43 97 34 45 13 14 22 28 76 73 27 96 12 19 19 92 43 34 88 20 26 51 9 10 15 94 49 11 16 45 29 59 42 64 4 56 78 27 84 54 1 12 50 13 32 70 5 76 5 94 97 31 45 6 42 61 0 91 73 17 
36 2 77 79 67 81 35 45 9 20 0 10 33 51 23 65 21 29 41 26 23 38 58 69 45 0 30 46 92 3 63 29 6 40 8 73 22 44 19 31 64 19 42 97 71 66 63 93 96 4 20 20 43 78 89 88 79 20 34 71 23 97 0 30 38 9 3 60 53 23 92 17 43 35 15 14 1 78 7 97 82 28 18 26 6 7 14 85 27 49 57 51 47 58 81 85 67 85 46 20 
8 39 37 51 74 53 66 75 31 74 73 14 2 92 40 8 99 55 94 27 5 52 79 52 10 60 38 77 46 84 97 55 23 35 7 97 88 73 73 20 47 47 34 50 39 75 58 39 30 53 67 36 6 46 88 16 7 26 94 53 11 91 9 35 27 16 33 16 90 7 36 37 55 71 88 94 46 47 34 77 0 1 13 6 47 2 23 54 29 17 8 41 9 17 76 36 33 9 53 23 
16 90 61 71 61 49 66 8 97 1 85 97 2 99 4 50 2 27 4 31 45 13 72 54 30 49 91 64 58 44 88 75 35 50 47 97 0 14 5 97 16 91 95 18 91 99 69 93 27 74 25 73 87 97 27 18 47 19 82 6 63 71 81 99 21 29 96 21 44 1 19 60 92 14 79 84 14 48 77 42 22 2 15 10 0 42 28 47 61 11 53 25 82 35 25 4 65 21 26 9 
23 45 70 16 59 49 0 74 98 77 16 21 79 31 32 80 74 60 27 36 72 80 62 55 16 87 59 81 8 85 90 32 31 61 48 91 11 48 65 9 25 81 31 5 13 63 85 87 24 12 24 96 93 86 52 9 74 11 90 82 97 81 15 28 42 63 20 53 11 85 63 36 67 94 42 80 58 27 68 82 40 92 79 34 79 31 43 53 43 34 36 40 16 51 69 59 14 89 12 25 
75 76 62 42 71 5 22 30 32 91 13 73 83 92 7 62 24 51 15 68 86 51 9 2 3 78 62 17 68 75 42 43 51 5 86 23 10 8 53 43 99 66 17 83 59 24 46 83 76 62 51 63 13 61 66 16 39 28 34 8 3 77 52 54 82 38 77 93 47 31 36 47 97 53 30 56 78 76 40 55 38 92 18 52 53 85 69 93 13 4 1 16 81 53 71 64 92 49 57 39 
80 94 86 77 48 17 34 26 93 74 82 32 66 1 85 20 86 55 13 99 59 15 16 41 69 87 5 61 36 62 0 17 57 87 95 5 4 29 32 98 4 14 31 71 16 16 91 2 72 4 1 32 19 18 73 88 5 79 50 42 41 50 59 99 38 54 4 42 84 36 40 88 51 71 59 67 88 50 69 61 55 71 93 75 89 67 64 94 46 14 37 88 65 96 87 3 50 92 45 35 
28 86 23 79 57 83 46 46 33 16 7 89 87 1 65 77 68 29 72 15 44 9 4 10 5 92 13 56 84 59 91 12 45 15 91 3 98 38 49 32 54 57 21 42 58 87 19 27 16 91 42 61 0 46 71 6 38 84 63 22 44 54 35 90 69 27 93 68 65 43 0 20 0 22 63 58 9 83 86 26 74 28 87 75 75 58 82 14 43 45 37 88 0 72 78 70 99 72 38 65 
15 38 86 16 60 49 75 69 32 61 95 7 89 83 83 65 41 65 79 85 11 16 73 11 89 52 81 88 24 19 54 40 57 40 56 18 90 32 87 23 93 83 30 83 66 14 48 8 80 28 94 91 45 68 3 34 20 84 23 45 4 77 85 62 18 42 80 9 74 68 32 68 52 63 51 19 77 0 27 58 28 22 49 74 90 53 8 11 38 31 56 42 9 42 5 28 85 85 37 59 
54 70 28 7 33 79 26 11 79 53 69 8 76 19 82 66 73 91 78 11 23 35 53 33 77 59 61 63 45 99 23 99 69 51 6 3 30 32 15 10 86 85 19 62 5 2 29 78 93 7 89 17 43 43 50 21 2 12 84 47 11 7 47 81 59 53 85 89 86 0 0 73 85 20 36 90 22 65 69 16 73 58 33 16 1 83 37 4 95 22 51 7 29 99 88 88 53 73 78 39 
74 79 13 60 99 49 50 21 15 19 38 89 78 71 6 80 54 44 84 50 66 36 57 95 35 46 84 88 20 63 28 94 42 42 55 42 92 5 64 7 25 2 97 4 73 3 84 28 47 69 78 13 5 36 9 41 83 94 30 3 58 59 98 0 1 53 43 93 59 7 1 85 9 98 89 83 2 74 11 50 43 90 64 49 26 73 91 10 68 21 13 26 81 12 27 82 66 70 76 26 
77 78 11 87 76 0 70 79 75 82 29 18 72 93 67 99 67 58 9 36 80 22 63 61 35 90 44 1 60 20 27 38 98 39 26 75 40 96 55 15 78 85 33 50 79 1 49 46 60 58 83 41 81 46 2 17 37 46 18 97 67 46 36 66 85 62 41 25 59 97 41 38 82 74 89 61 76 39 8 36 98 91 77 80 38 80 97 75 27 16 73 94 63 9 61 48 72 3 74 32 
0 15 71 82 90 60 43 66 99 52 3 98 43 81 78 81 61 75 57 88 92 30 83 55 40 44 4 13 47 78 45 48 94 16 30 85 77 74 52 77 26 55 75 70 37 53 52 98 29 9 87 21 40 71 76 80 16 80 93 64 59 39 12 54 56 43 40 33 18 92 10 44 48 86 15 85 39 67 84 69 77 71 91 17 43 67 98 59 48 91 23 8 31 36 63 87 79 3 21 97 
96 32 42 44 18 57 30 58 25 14 27 3 86 18 20 29 86 19 89 35 11 12 44 42 49 7 30 28 11 51 26 7 84 68 52 2 26 82 60 52 97 88 55 83 6 76 13 93 95 3 29 6 15 73 48 65 81 79 93 93 31 19 0 15 88 53 17 14 35 77 66 33 66 22 16 73 98 30 66 93 33 96 0 49 69 49 14 51 28 8 44 59 28 45 74 16 99 92 31 35 
70 98 68 36 20 85 9 18 15 75 12 49 72 12 99 41 61 13 93 89 22 38 49 50 84 24 67 83 16 98 18 86 96 86 22 17 72 31 35 87 7 48 37 79 60 36 21 22 50 15 12 73 53 61 23 37 85 90 21 1 89 39 88 86 26 10 3 98 42 38 86 50 87 23 30 47 60 51 69 11 67 81 84 20 43 7 58 28 98 79 30 87 18 18 73 45 29 77 43 72 
16 29 22 3 53 52 50 14 4 20 25 71 2 9 92 46 17 50 75 16 30 5 3 49 24 77 94 54 54 37 26 71 67 48 74 20 1 25 34 6 45 60 78 48 69 70 94 87 21 69 3 52 75 6 1 0 84 95 54 39 33 80 10 0 29 84 21 30 9 56 37 55 16 15 4 86 86 99 73 8 69 76 60 44 83 62 44 68 57 98 7 91 79 18 92 8 3 14 39 13 
70 76 69 87 91 73 73 77 72 46 85 41 22 46 86 6 8 31 74 66 30 81 58 9 0 50 18 4 64 57 17 35 33 87 23 24 60 96 2 33 43 88 75 66 34 62 72 42 93 46 9 24 28 67 33 29 18 52 33 83 9 51 18 42 38 42 67 99 38 69 33 82 57 9 49 92 71 21 35 65 68 44 89 97 12 23 26 30 75 60 13 84 11 31 27 49 74 94 49 12 
63 82 95 21 91 44 13 63 66 49 28 34 93 17 31 5 41 58 35 16 18 49 1 29 81 28 79 55 22 29 67 86 11 63 8 3 7 21 66 73 70 95 8 64 13 40 70 54 98 6 71 16 55 72 46 36 0 25 91 23 55 59 9 66 22 17 70 30 39 37 4 10 32 12 75 45 52 45 0 51 51 71 67 7 44 14 43 44 40 35 68 95 94 77 61 17 95 32 47 34 
69 52 45 1 65 20 47 17 66 48 69 17 20 36 25 64 51 68 9 91 4 77 86 98 54 48 16 49 80 64 84 49 16 29 51 81 50 98 99 16 47 68 34 67 5 59 31 56 28 40 47 32 17 34 31 72 82 47 22 62 11 6 12 28 36 63 9 87 62 9 3 10 78 37 77 83 97 8 40 25 49 88 58 66 22 89 39 4 37 61 67 49 68 79 77 5 43 87 92 6 
97 95 16 75 33 93 58 30 2 99 56 51 87 15 18 9 5 57 14 42 18 81 92 87 61 69 92 5 57 84 12 54 80 28 29 13 22 88 44 25 87 0 77 75 16 95 84 21 53 98 63 72 80 56 59 42 25 51 47 83 35 59 38 15 88 67 29 11 56 73 36 44 74 13 19 90 9 3 11 62 2 75 34 82 31 93 24 57 44 72 40 80 32 78 96 20 46 25 32 3 
98 68 47 72 82 66 63 91 70 74 53 73 50 88 56 81 81 81 39 26 53 80 6 85 59 3 6 5 28 39 9 26 7 56 99 90 23 62 81 94 37 35 67 87 23 23 69 5 4 8 31 58 88 38 44 47 41 51 53 70 90 62 97 97 19 96 88 43 59 69 37 97 5 5 84 28 29 54 34 33 62 66 92 50 4 36 98 46 87 51 17 77 14 14 75 33 11 63 76 70 
33 14 67 38 19 52 67 48 6 1 82 69 67 74 19 72 11 17 19 98 69 36 76 83 50 52 16 61 16 93 32 49 7 0 88 26 52 55 75 59 57 57 28 24 32 48 97 43 66 16 42 35 53 19 19 3 71 36 65 87 29 97 37 37 97 25 63 50 80 39 9 38 96 38 62 28 86 60 71 52 77 14 88 30 33 7 33 4 44 99 92 73 96 29 10 94 54 74 44 35 
13 54 73 10 92 36 38 79 96 10 31 73 25 20 3 58 28 37 63 72 36 55 45 33 84 56 27 39 31 72 74 45 26 47 55 19 83 94 98 80 5 30 54 30 50 58 88 78 96 51 50 33 7 96 66 91 53 94 30 85 66 5 30 92 52 86 11 36 81 10 17 86 40 72 17 90 30 5 69 26 57 19 59 64 16 26 56 69 20 87 54 86 92 85 79 45 71 91 82 52 
1 0 39 41 72 56 32 2 62 1 29 20 21 89 85 37 15 41 7 36 29 62 23 22 48 2 68 20 94 50 73 95 50 12 37 23 69 70 25 31 71 55 52 93 44 37 30 60 79 38 96 8 1 19 31 49 22 99 69 17 49 42 13 0 55 50 23 24 20 49 56 92 4 8 85 48 45 16 9 25 55 5 33 56 25 65 6 48 64 75 65 14 18 78 14 74 29 38 98 50 
87 55 42 92 64 28 41 9 44 50 35 99 55 68 56 81 33 62 29 98 38 95 12 56 74 26 31 4 65 30 54 52 85 96 44 49 25 86 59 69 36 94 69 91 63 25 73 97 87 3 95 25 99 7 82 73 34 13 77 99 44 31 52 29 28 97 79 53 83 38 23 19 33 92 11 96 17 84 93 5 87 89 31 87 96 13 60 31 27 38 30 71 70 83 1 99 80 80 52 63 
19 76 83 52 68 94 48 86 79 42 91 67 31 22 54 28 36 15 59 64 53 90 36 23 73 38 22 53 18 75 17 38 51 1 90 20 95 39 7 75 81 98 43 13 21 97 41 58 12 1 23 66 91 60 89 64 98 12 18 17 87 35 55 39 37 46 59 33 86 66 8 68 65 51 81 87 49 23 46 62 24 69 28 16 30 18 80 28 30 98 46 17 34 2 57 71 48 16 4 35 
83 13 3 49 65 84 36 14 8 83 77 32 53 5 48 83 24 29 12 54 28 59 72 63 61 29 35 10 46 39 45 29 53 48 79 18 33 16 33 41 99 10 73 52 16 22 36 40 52 48 94 80 7 66 43 69 96 78 79 42 18 25 71 72 73 50 90 6 66 23 47 66 34 21 18 50 44 55 90 96 4 85 77 11 51 21 81 47 0 60 89 19 85 61 91 59 12 81 66 79 
5 13 45 39 35 64 90 79 19 80 76 23 65 53 35 17 75 16 65 75 77 55 94 63 17 86 23 30 68 89 9 73 3 55 13 38 19 4 18 39 85 95 63 50 49 99 68 24 16 34 0 93 90 95 57 8 81 80 38 49 70 47 23 73 3 37 12 22 41 30 62 26 26 26 77 75 25 46 99 41 81 0 35 71 95 92 79 76 73 18 26 43 65 50 17 68 88 29 91 30 
60 54 57 86 80 34 61 5 81 61 46 63 61 82 34 56 74 14 33 48 32 60 92 98 10 9 67 99 38 59 29 98 13 86 85 94 21 46 99 2 7 46 65 68 28 0 24 3 15 58 52 48 18 44 47 29 53 15 28 91 74 57 90 88 44 75 82 65 22 81 68 29 28 33 98 57 34 23 60 50 81 12 99 0 56 46 29 10 61 57 2 35 15 93 23 59 69 6 24 91 
87 92 21 16 26 19 73 61 43 34 12 25 47 11 25 4 57 54 14 18 12 16 54 28 9 78 88 78 85 13 70 72 6 91 89 32 11 62 94 54 97 6 79 44 17 4 48 75 59 62 94 72 79 48 1 89 27 89 67 12 2 37 85 8 29 75 41 40 38 35 94 35 42 73 79 60 78 27 35 38 90 29 10 70 78 11 59 6 0 26 19 3 64 4 11 93 80 53 34 18 
89 28 53 31 2 32 91 80 60 26 19 51 55 29 21 34 41 80 40 42 7 59 45 72 64 57 65 44 10 99 62 99 28 15 31 30 48 22 11 9 49 30 60 5 60 82 39 2 62 79 44 70 38 90 42 2 47 8 46 58 8 8 58 36 24 90 67 72 12 79 81 62 10 42 67 70 25 6 72 87 85 17 58 24 7 1 26 55 9 73 14 17 82 72 54 6 62 21 79 75 
1 61 37 11 3 5 81 28 11 54 16 97 71 75 21 78 76 48 34 85 22 48 3 4 21 58 11 84 80 90 60 81 51 97 92 55 3 74 84 14 28 1 12 0 77 34 78 53 82 13 39 5 61 42 9 82 0 21 67 80 11 27 62 63 25 54 19 28 28 4 43 57 6 55 57 83 89 36 36 72 49 75 78 11 18 88 94 19 9 61 0 21 88 62 85 13 17 4 42 45 
9 85 3 15 41 60 98 31 97 35 3 47 11 81 58 29 69 52 49 79 14 50 0 3 12 85 17 29 90 59 75 99 45 78 14 86 39 13 17 37 48 21 84 59 2 43 89 72 96 39 52 10 89 52 13 2 38 30 32 28 90 7 27 35 86 42 21 26 55 38 64 4 59 48 64 62 92 54 35 88 93 87 98 83 40 12 86 78 43 18 6 33 26 34 68 13 76 89 39 32 
28 3 37 88 52 1 51 44 56 86 32 50 74 31 33 15 44 19 93 87 38 0 20 64 34 88 77 11 78 17 43 7 21 81 95 73 82 46 18 39 33 51 89 8 83 23 23 27 43 17 14 81 17 35 45 52 24 23 63 2 40 7 10 61 88 5 35 71 52 53 10 86 5 0 94 88 23 18 16 66 36 31 47 53 66 93 6 90 16 69 93 56 77 3 18 66 9 53 38 61 
7 48 47 12 49 42 1 72 61 17 38 97 48 86 51 15 79 57 6 95 27 99 51 5 3 69 71 13 23 9 74 30 58 22 43 7 65 44 80 26 62 18 24 10 4 75 26 83 33 32 79 60 32 31 65 35 1 36 48 24 46 23 55 4 46 98 12 12 43 92 39 5 11 63 16 15 38 42 99 72 74 79 32 6 10 98 42 11 35 91 36 81 15 91 86 61 90 99 74 33 
91 13 38 2 76 54 18 15 96 18 87 71 97 20 78 8 18 21 20 53 12 56 35 27 48 21 89 38 20 63 71 12 76 9 15 53 63 33 68 60 52 56 32 49 76 10 58 94 31 78 48 44 34 83 72 83 5 61 21 26 25 92 39 1 2 54 55 66 87 23 26 39 79 59 89 56 70 47 51 2 26 0 46 61 84 18 44 89 80 65 16 5 58 55 7 60 10 62 26 97 
85 53 37 65 12 27 22 82 75 73 84 1 74 31 62 58 50 6 48 30 72 64 36 30 20 43 90 30 5 17 28 91 70 66 57 82 93 80 65 69 54 50 70 28 81 33 86 32 40 34 62 13 99 99 43 19 42 34 50 48 51 79 40 22 45 97 5 39 78 70 8 32 20 79 60 2 12 46 34 52 80 97 65 80 96 9 99 39 44 50 87 96 29 27 18 75 25 23 14 3 
94 22 35 14 1 96 17 14 42 51 66 23 49 32 3 45 42 3 85 86 54 72 83 83 0 1 59 26 25 73 30 19 96 65 34 97 61 51 11 4 2 78 28 52 11 31 97 53 35 83 40 89 56 23 73 57 25 32 83 50 6 13 69 2 79 3 99 41 55 11 46 57 90 74 9 1 6 7 55 41 91 95 31 47 18 5 4 43 38 88 94 44 1 63 47 81 67 47 23 22 
58 69 80 49 43 90 50 50 98 5 91 89 1 23 37 19 29 41 63 67 29 57 12 31 21 59 13 89 7 36 12 65 5 93 15 49 84 65 99 82 71 91 72 72 15 10 92 44 51 56 12 81 14 24 13 35 84 26 25 91 63 38 57 68 31 72 17 15 38 17 98 9 8 71 82 23 81 74 67 33 31 79 15 45 4 28 80 89 55 6 81 18 44 38 87 76 11 5 91 50 
22 90 59 30 61 42 54 42 17 22 75 48 2 91 93 6 19 74 96 75 80 77 94 25 16 81 1 28 86 93 78 9 83 38 39 45 80 94 87 97 16 63 45 18 54 38 25 74 12 21 50 93 99 44 18 15 26 20 44 12 13 22 21 97 60 61 42 40 55 30 38 71 93 83 90 48 22 15 23 35 36 74 28 35 18 47 51 45 68 95 58 82 17 79 79 78 41 21 19 97 
52 57 69 46 41 59 94 63 74 18 98 10 92 27 46 11 75 97 56 43 92 14 25 10 94 5 88 36 27 8 34 79 65 3 25 6 62 20 69 37 38 68 48 31 96 94 43 71 91 0 14 84 14 40 95 9 45 84 46 72 92 80 51 57 83 76 64 46 96 33 83 35 2 31 67 98 26 10 70 18 10 84 2 25 25 98 34 71 82 81 43 74 61 95 32 45 72 96 92 69 
30 75 5 32 7 72 31 33 82 1 52 92 86 55 17 11 53 52 83 35 33 27 10 95 22 42 40 95 38 32 65 68 8 70 1 16 42 32 50 24 34 2 17 20 57 34 32 10 87 15 46 21 42 56 16 65 99 57 61 37 90 26 6 98 96 7 15 38 40 65 63 74 68 80 94 25 15 27 36 2 42 83 24 85 39 40 51 39 98 12 76 88 38 82 87 34 90 2 72 30 
68 36 4 36 16 99 62 31 27 98 34 69 82 59 55 22 99 6 61 98 18 37 86 57 20 74 91 11 77 64 41 45 0 46 82 17 46 44 49 73 43 83 43 25 42 98 47 42 5 8 40 24 46 27 81 67 1 73 78 78 37 20 24 38 66 6 55 12 51 4 85 94 88 28 20 31 27 67 73 32 76 14 56 23 42 38 91 44 11 70 23 49 90 47 87 56 54 42 69 5 
46 55 99 35 83 20 66 11 87 40 43 64 55 0 88 97 39 79 42 50 49 65 99 40 12 86 96 67 29 66 72 76 21 72 11 5 92 78 16 80 18 60 44 74 61 33 71 0 13 14 51 62 79 50 2 92 37 99 59 67 66 31 43 87 3 55 93 95 33 9 76 52 70 21 26 31 54 98 32 67 12 83 30 91 33 33 83 71 32 43 38 98 74 82 86 78 37 79 74 71 
89 50 23 59 71 49 91 25 48 23 93 60 6 23 51 40 56 35 11 89 78 50 88 53 32 74 31 70 54 5 41 43 56 64 3 27 14 95 53 62 18 46 22 25 69 74 65 26 10 77 15 89 28 4 42 60 78 74 30 33 80 72 77 36 37 80 63 51 76 17 14 94 63 36 19 33 11 85 60 22 62 76 11 90 80 53 51 59 27 82 92 7 54 69 43 91 50 7 43 26 
25 57 21 89 94 41 22 5 26 83 27 89 59 39 79 39 92 31 99 20 13 91 27 68 61 71 59 12 79 3 39 4 60 60 93 54 1 16 60 27 99 88 16 59 27 96 99 20 28 98 40 41 90 68 10 52 39 70 64 19 73 3 24 33 64 17 88 65 34 49 93 34 37 10 93 65 7 92 85 35 91 25 77 81 93 87 34 33 57 98 52 31 2 76 65 66 94 54 32 28 
3 26 63 41 36 56 6 43 49 92 79 41 17 56 22 11 44 56 45 2 55 97 34 57 74 99 24 69 53 56 98 56 82 61 97 19 18 4 63 67 96 43 8 14 0 31 25 44 88 70 47 44 68 81 2 43 80 26 12 34 83 11 91 66 72 89 86 90 93 49 58 89 92 67 4 92 98 29 37 87 0 85 31 69 66 34 12 47 60 25 81 44 36 72 11 9 61 97 0 55 
47 59 45 40 26 49 32 25 79 70 12 79 55 44 49 22 78 61 69 39 87 51 84 24 24 95 34 86 92 34 41 40 93 87 80 19 36 13 45 16 83 58 96 39 2 45 61 81 7 30 20 94 82 4 19 6 0 53 93 93 87 35 33 81 22 13 1 59 26 46 75 9 4 71 49 7 16 10 88 24 41 9 19 24 14 38 30 14 91 24 7 79 59 40 61 82 54 62 41 80 
8 16 90 13 88 39 20 5 50 9 29 91 18 48 15 32 87 46 47 79 71 55 58 30 95 20 12 50 82 53 30 91 70 21 4 59 60 25 64 11 34 93 3 52 42 18 85 29 65 32 8 36 87 67 67 83 87 80 33 70 34 64 61 4 85 66 63 46 91 28 57 26 22 60 79 64 79 64 94 45 97 3 82 85 70 49 69 58 29 3 28 63 68 90 68 53 56 32 0 48 
60 58 74 82 19 54 47 98 18 42 44 16 45 26 2 15 76 71 73 6 75 2 70 43 92 39 97 48 71 98 97 32 56 72 15 75 26 63 74 45 5 19 61 50 46 64 66 22 35 40 29 11 42 0 54 34 39 52 83 11 50 81 44 7 53 60 82 79 23 57 25 28 76 86 79 22 51 45 45 86 85 75 98 28 75 53 63 15 5 46 26 56 28 70 63 81 30 46 61 54 
3 86 83 80 73 62 3 24 8 49 11 94 24 9 22 0 62 86 15 68 32 41 24 60 12 87 42 43 33 3 98 37 90 81 18 63 44 21 88 52 70 99 47 95 9 69 95 72 56 10 40 88 52 64 49 65 52 92 9 86 96 7 24 86 89 42 50 33 64 38 86 35 37 33 30 47 3 26 19 59 37 59 48 90 24 98 56 77 91 65 64 87 73 88 73 63 31 23 97 95 
61 84 30 99 17 61 47 21 87 66 81 25 25 30 15 50 29 71 27 20 37 91 7 11 80 81 74 11 5 72 7 67 56 37 67 74 99 14 95 86 80 77 12 6 8 27 56 37 99 84 58 36 75 66 47 56 47 22 67 52 94 74 20 50 12 87 24 11 1 20 98 81 98 10 87 6 38 43 44 37 28 2 73 4 68 21 60 16 43 27 69 38 2 89 89 14 76 14 26 77 
35 25 58 33 36 46 40 74 90 85 11 18 88 85 22 56 6 82 73 50 10 42 89 12 31 78 27 7 92 54 84 27 79 43 61 15 89 2 90 79 88 1 98 76 86 20 33 93 3 6 43 13 48 32 26 80 11 54 87 3 9 72 31 89 16 93 4 5 96 95 85 84 96 84 61 83 4 94 76 7 0 20 21 49 53 47 29 64 2 17 67 11 90 99 0 6 93 5 12 89 
