55 0 67 4 46 63 63 38 18 8 59 38 11 90 0 45 30 22 44 73 23 91 37 43 1 87 28 47 15 36 94 71 37 61 75 83 25 38 22 44 47 81 82 58 72 82 3 3 5 48 76 28 40 14 72 42 1 1 89 17 38 84 88 75 46 63 59 71 2 81 15 49 62 97 7 34 80 11 38 85 59 14 14 0 28 86 42 29 87 32 46 26 16 34 2 62 98 61 33 0 
42 49 50 5 47 57 40 27 69 78 13 29 92 27 29 21 13 71 50 1 3 97 28 20 32 30 82 31 91 16 31 34 65 82 40 12 39 80 40 9 59 53 39 52 80 68 73 94 40 24 96 44 22 24 64 55 54 47 86 46 63 17 81 29 99 21 42 39 2 82 49 61 35 88 14 16 57 88 10 97 12 7 41 35 31 6 90 86 53 76 33 16 94 14 46 94 35 88 33 37 
70 83 99 5 71 14 22 28 2 32 26 15 40 68 50 71 74 41 58 28 17 91 44 11 5 90 6 41 79 39 79 49 23 78 55 94 93 77 23 95 10 50 11 50 18 62 22 93 3 81 21 21 72 66 33 78 57 39 20 36 79 99 85 2 78 41 97 71 18 21 67 29 71 78 80 90 41 2 83 45 84 5 66 57 71 0 35 28 39 56 65 19 55 51 22 33 92 20 4 11 
41 71 40 13 50 20 4 92 23 88 37 7 93 4 65 65 4 0 94 44 56 59 64 12 10 86 45 3 6 50 14 48 22 54 62 72 75 67 64 99 55 2 7 49 6 72 14 10 73 9 55 30 68 19 42 79 5 87 82 12 37 97 61 59 51 24 32 27 91 97 26 47 99 33 96 6 5 11 16 79 20 72 9 89 91 51 69 97 39 51 9 76 48 71 36 0 95 69 28 86 
67 55 33 67 88 30 73 94 41 90 73 61 62 83 51 53 34 20 50 73 72 60 50 21 31 87 21 26 57 50 13 24 5 47 91 94 77 64 89 18 54 62 80 17 46 31 70 80 52 21 54 24 82 5 45 13 92 67 40 49 17 54 74 23 1 65 17 78 30 6 97 85 69 78 2 15 10 73 96 62 95 50 86 77 55 32 91 48 99 31 98 17 86 72 40 87 38 57 66 68 
63 64 53 32 42 56 48 52 29 44 14 25 95 1 2 50 33 93 99 32 25 97 50 11 70 90 99 8 47 65 77 11 29 31 44 71 87 92 24 17 37 38 42 32 40 45 82 73 38 82 6 64 80 56 76 50 46 75 59 94 40 37 6 69 68 50 41 56 43 65 74 80 4 17 12 44 62 95 18 1 77 24 65 57 80 41 8 27 16 68 22 57 5 28 27 73 78 68 30 22 
34 4 2 39 21 14 83 83 10 1 85 87 26 51 45 6 92 54 34 9 22 56 67 27 84 94 1 63 63 31 85 98 35 87 37 57 2 21 41 12 22 26 99 49 77 45 55 70 99 90 79 21 46 47 49 30 41 50 94 4 81 79 2 17 66 40 74 69 61 15 81 84 42 81 33 19 26 89 89 26 79 69 48 25 16 97 56 58 47 50 63 29 30 66 47 97 6 22 66 67 
37 47 51 80 29 85 99 56 74 89 82 53 59 31 79 76 28 36 35 76 87 98 6 17 64 53 14 70 75 81 37 13 29 89 94 58 74 94 14 48 83 97 2 43 28 82 20 57 18 55 34 6 53 41 23 17 95 38 88 71 19 26 84 48 15 79 7 90 73 22 39 57 19 41 0 48 23 21 6 42 76 41 48 30 82 72 48 78 11 36 49 31 62 34 80 78 13 87 68 86 
9 7 43 29 49 44 78 73 65 85 16 41 26 65 71 9 37 19 87 48 56 36 79 18 71 60 97 84 47 66 70 57 73 13 86 23 57 65 97 23 50 13 64 77 78 36 87 16 56 75 65 12 12 45 31 83 5 28 67 52 94 37 10 68 51 97 92 9 62 89 32 13 2 97 91 81 33 78 97 90 53 63 2 66 8 33 49 13 62 17 66 56 55 76 25 6 73 17 16 36 
6 49 49 9 47 40 90 81 19 88 71 73 51 73 39 59 7 89 73 69 6 39 25 61 16 51 68 89 68 85 25 74 34 75 83 81 15 74 62 34 62 34 7 14 7 47 73 15 36 47 84 42 86 10 4 3 61 72 93 29 58 19 4 92 94 87 74 10 62 37 45 25 71 53 39 79 0 13 94 36 60 78 79 47 88 83 50 50 56 43 79 14 63 83 7 57 71 82 67 34 
20 13 59 91 66 99 71 66 12 65 3 73 44 82 20 33 66 71 83 23 15 63 38 78 47 46 35 19 29 3 53 49 17 12 41 83 11 12 49 24 78 53 97 22 36 18 56 2 89 39 26 4 3 65 82 50 11 18 69 40 22 22 89 39 35 30 22 47 43 72 72 21 25 69 43 61 87 99 64 76 39 91 81 42 56 64 93 67 82 62 8 5 85 98 44 20 28 67 68 71 
40 40 93 66 9 36 27 97 36 92 74 76 83 55 18 39 19 11 7 2 74 15 7 59 14 52 80 42 20 48 14 60 89 7 26 99 44 54 96 81 47 71 57 30 26 76 70 46 87 78 48 62 94 56 21 8 9 2 51 29 51 65 90 40 73 16 39 18 71 36 99 18 7 57 49 34 33 19 80 21 98 29 83 92 85 5 0 94 7 52 24 58 18 14 99 91 31 38 10 3 
75 10 21 82 67 70 16 0 90 97 21 89 26 4 81 12 10 82 7 17 34 31 76 52 46 75 44 78 14 55 81 89 65 2 72 32 73 89 32 64 86 54 53 13 58 35 25 69 17 33 86 52 64 63 4 11 38 49 89 53 4 70 42 69 73 15 2 47 4 35 11 91 89 64 5 48 99 30 17 17 63 4 69 28 67 74 40 5 24 29 58 28 0 1 98 74 17 0 21 21 
36 32 13 25 97 18 73 97 49 91 15 13 95 84 42 62 59 82 67 83 12 26 12 13 28 10 87 45 11 8 67 48 41 80 73 39 99 47 37 48 38 52 62 33 36 4 95 96 86 63 79 99 90 92 12 18 3 99 63 15 8 31 63 49 11 36 89 11 83 26 60 22 78 22 55 15 26 51 11 13 15 91 13 5 83 25 24 86 24 88 1 33 19 64 83 31 1 72 42 85 
98 2 7 77 25 63 92 52 15 4 65 30 95 78 36 79 4 60 66 29 48 68 62 68 33 45 99 34 17 42 19 16 45 27 93 70 90 86 22 5 90 88 36 86 67 72 65 71 33 31 0 82 99 63 50 33 8 50 67 26 92 87 43 37 15 37 8 6 23 30 12 13 19 48 99 86 21 65 57 54 96 58 36 96 22 86 29 30 37 97 57 29 85 1 67 0 38 75 6 61 
6 18 75 25 67 74 11 88 40 69 42 37 28 78 33 50 65 63 81 2 61 39 32 46 40 99 47 78 74 54 40 80 72 15 6 40 90 17 28 30 86 71 67 15 49 1 65 15 65 46 18 26 86 50 73 26 49 20 5 24 75 45 5 48 60 11 88 51 29 16 81 15 87 49 31 37 51 96 53 16 43 71 43 29 21 16 56 71 37 61 96 12 6 1 60 67 13 48 18 42 
65 0 58 53 50 89 91 1 86 44 17 29 16 60 59 37 77 16 9 15 77 5 27 84 7 88 52 20 37 71 62 3 71 21 56 21 10 47 22 96 92 40 26 8 0 86 46 78 2 55 93 80 61 21 65 68 9 17 89 46 88 52 49 60 73 6 82 84 54 5 81 46 45 7 55 46 94 2 24 97 58 17 78 19 38 43 88 48 61 78 95 50 30 44 10 4 51 92 88 5 
98 69 52 43 77 8 89 71 10 13 69 68 31 47 88 70 90 77 19 52 55 14 2 86 59 13 90 10 6 78 15 4 48 68 47 25 76 36 97 86 50 67 55 82 14 44 53 5 21 72 57 76 87 59 62 46 73 53 56 79 31 72 83 80 40 30 6 16 67 3 3 18 70 58 1 85 2 54 90 23 27 48 0 14 8 63 61 81 16 17 60 48 89 43 28 29 74 35 46 42 
39 49 60 10 7 62 95 10 17 86 33 44 34 34 59 43 97 21 24 14 38 85 62 28 29 91 58 3 26 4 46 65 54 7 75 61 69 71 71 86 57 5 31 92 40 91 35 38 12 59 52 51 45 15 80 74 6 38 78 33 43 24 99 97 32 75 59 1 46 31 88 4 36 19 96 77 11 31 15 23 91 67 75 37 82 55 11 89 93 90 23 37 15 23 34 47 98 93 48 45 
24 36 49 61 56 46 38 67 78 54 91 70 21 66 7 4 22 19 94 16 9 18 53 24 41 87 71 40 81 20 85 6 57 35 67 13 81 6 80 60 60 72 30 82 39 37 87 61 57 82 77 66 0 30 91 41 18 63 81 0 83 67 6 40 2 73 54 84 80 34 44 40 7 74 23 46 12 11 7 69 93 85 36 93 16 28 34 35 91 16 35 75 83 41 16 86 15 70 70 95 
5 14 36 12 89 60 59 2 71 66 71 64 52 8 57 68 36 92 4 28 9 39 4 93 81 20 79 96 90 49 92 96 64 29 9 53 89 68 55 60 35 27 25 87 36 83 56 73 75 60 1 85 99 5 78 81 26 57 77 17 6 70 13 71 99 22 24 88 91 80 49 26 7 74 13 43 57 70 16 33 30 18 18 30 24 96 11 51 54 89 68 61 59 82 32 58 5 56 47 96 
37 96 23 44 71 36 88 28 7 5 62 38 24 80 68 48 77 80 99 31 69 68 92 29 50 25 88 56 82 35 52 19 31 75 64 2 12 52 31 20 57 93 58 81 74 26 30 51 7 30 83 77 98 76 6 49 1 94 5 83 30 58 2 61 33 66 64 46 18 96 66 76 89 24 58 63 51 89 15 59 19 98 36 18 74 43 67 75 38 72 58 68 31 61 30 65 27 94 11 46 
90 78 23 80 3 81 44 55 71 59 14 90 58 51 8 33 95 76 9 33 49 68 2 80 29 32 45 57 27 57 3 18 36 26 98 39 8 43 95 79 3 10 70 61 62 79 95 57 56 5 90 5 73 92 85 3 25 31 60 52 89 64 70 25 91 69 65 99 12 60 79 15 71 50 77 33 30 72 90 86 77 81 91 51 74 77 54 99 8 15 52 98 79 22 23 70 92 88 70 4 
49 50 19 20 0 96 53 31 69 44 17 47 25 8 98 99 86 53 99 95 68 51 93 47 74 16 18 66 4 89 70 54 39 90 74 40 87 28 71 57 72 88 4 97 97 3 97 83 56 96 78 25 48 72 73 22 88 91 88 93 80 59 47 20 50 22 60 37 50 32 94 22 20 99 20 18 2 17 2 59 14 80 84 63 52 57 85 41 49 74 34 29 34 82 50 84 4 10 22 54 
42 17 76 63 16 97 81 19 15 83 79 30 64 64 93 17 21 79 58 71 54 93 1 89 75 51 73 80 61 96 34 4 13 11 68 30 8 50 50 23 34 29 54 99 94 47 16 16 26 75 87 81 69 88 70 45 40 44 25 1 40 59 6 54 71 75 85 80 25 36 4 59 66 58 58 60 5 75 76 32 51 63 13 20 52 84 66 92 28 91 94 69 51 1 24 23 76 10 3 1 
46 7 61 12 65 20 72 71 96 48 3 47 12 17 68 64 1 34 57 30 26 51 0 78 52 24 1 29 34 4 30 80 11 92 92 77 13 65 48 9 13 51 57 26 69 25 90 70 60 48 1 87 99 1 65 52 25 66 81 60 71 12 41 82 5 33 60 18 99 8 27 12 60 84 39 29 10 29 0 70 78 1 57 77 2 23 30 28 89 11 88 60 24 29 43 29 63 3 47 63 
12 75 76 72 60 15 1 70 45 1 41 23 3 99 1 5 22 31 34 12 43 23 73 67 52 16 97 16 20 45 79 33 20 56 5 80 71 6 51 16 8 92 39 11 91 40 17 13 71 51 26 15 74 99 82 27 16 80 44 36 25 24 69 46 80 75 27 51 82 78 67 90 70 7 2 62 47 20 76 19 72 2 34 46 1 17 74 17 97 19 54 23 43 24 69 24 99 96 75 81 
74 43 72 45 51 75 8 99 95 84 19 67 87 53 14 89 71 89 6 69 8 61 92 52 85 62 76 85 58 52 66 33 96 39 79 47 14 88 46 10 73 65 78 60 19 92 49 91 82 56 61 90 17 53 42 2 16 18 88 75 70 54 9 66 94 89 14 9 77 61 19 50 27 97 10 46 90 60 38 73 16 99 63 33 53 6 36 69 24 24 44 95 79 54 62 73 43 77 83 20 
38 2 70 65 0 81 12 91 41 50 64 57 50 28 91 3 34 27 73 59 52 17 54 32 72 17 5 15 94 89 35 32 91 6 98 92 87 10 84 28 60 48 86 10 77 77 14 11 5 87 70 57 5 25 89 77 43 95 92 37 84 28 70 76 34 68 69 21 78 53 50 39 2 36 50 79 14 65 91 19 52 61 77 58 87 66 36 30 62 29 68 47 57 39 23 91 7 92 13 86 
46 64 26 48 1 77 27 15 42 18 35 95 80 12 54 68 79 90 98 41 19 67 89 76 6 12 68 14 5 82 1 52 46 28 0 47 5 28 62 48 47 97 44 28 10 98 96 89 89 95 31 8 62 20 85 68 33 54 83 39 36 84 91 83 12 92 30 18 20 93 66 68 91 10 96 1 9 93 90 98 88 22 7 50 42 93 19 76 48 2 15 84 87 7 67 99 99 98 17 20 
91 84 88 82 95 85 84 5 79 74 3 67 97 11 18 39 5 38 16 53 41 31 38 28 39 6 28 38 4 46 59 96 30 48 79 26 33 63 31 12 37 35 80 35 46 98 74 51 37 90 5 78 22 43 7 62 49 35 0 53 81 60 50 12 8 29 39 42 92 70 55 30 5 35 65 52 34 40 4 72 31 9 50 53 53 57 16 2 93 17 56 74 77 6 87 85 35 26 28 28 
97 83 58 3 19 23 56 54 64 61 26 95 71 76 49 24 34 65 26 27 82 83 2 59 89 90 45 25 17 73 53 14 56 12 18 76 36 74 30 0 35 57 95 6 33 44 30 68 10 57 95 92 40 97 52 30 87 97 56 4 71 9 19 28 22 37 4 58 12 35 58 47 92 54 54 26 99 85 94 9 42 89 2 83 87 54 14 75 52 70 80 23 80 0 51 2 38 55 60 50 
91 19 98 83 73 52 9 73 37 3 82 80 93 85 64 81 39 78 57 92 49 38 15 29 38 66 32 76 22 92 26 13 12 25 97 86 77 6 59 15 10 42 96 4 27 61 85 67 40 42 59 89 81 74 19 19 41 51 96 64 44 22 78 56 48 75 42 25 82 2 41 93 44 38 97 72 0 82 39 40 25 99 30 6 74 49 26 15 1 22 80 45 45 59 1 93 35 44 19 17 
46 60 10 91 99 7 63 99 90 3 39 16 2 70 22 76 19 49 92 20 71 73 66 16 32 68 9 67 12 28 85 59 89 96 50 88 4 14 88 94 17 28 11 20 98 34 96 18 83 89 39 54 63 5 70 95 73 80 63 86 8 49 45 98 45 96 87 50 10 75 44 28 3 56 48 2 90 45 20 73 35 60 27 98 65 98 94 39 78 57 25 86 6 71 84 52 67 71 2 78 
47 47 6 51 3 55 53 93 0 74 67 35 34 94 33 99 93 27 39 71 85 65 58 92 36 42 44 4 14 47 83 62 95 89 13 98 44 66 92 45 40 60 80 75 55 14 74 48 41 14 19 27 79 77 19 15 20 64 20 35 11 3 97 6 93 10 5 38 77 98 83 18 58 63 93 13 77 68 61 19 82 81 46 61 59 66 77 79 30 97 14 41 1 12 48 94 23 53 32 0 
52 15 19 11 79 12 24 57 81 86 77 63 68 24 25 27 90 2 6 20 0 21 62 1 34 10 96 57 64 28 58 16 44 77 27 24 90 52 81 72 39 59 36 7 83 61 35 73 64 42 93 64 64 55 66 98 66 62 56 30 91 14 47 35 92 75 59 83 28 41 55 67 0 91 75 84 53 10 57 17 53 51 81 17 7 47 15 73 10 71 4 1 86 52 37 78 27 97 62 56 
39 18 23 40 10 99 24 63 10 81 80 63 33 62 80 40 10 96 14 20 67 19 22 54 71 59 32 99 57 95 55 96 13 79 36 23 78 61 87 89 42 67 53 76 29 33 17 39 29 31 60 97 50 82 51 22 42 84 21 0 79 76 97 93 55 33 17 34 94 4 23 37 71 76 14 1 10 31 41 40 63 1 38 14 84 89 36 27 74 57 27 54 34 24 48 89 58 65 24 53 
69 48 91 41 24 6 43 35 37 84 75 0 86 14 14 71 4 51 98 78 8 26 32 42 51 81 32 10 46 56 64 16 4 55 58 29 61 1 64 99 85 40 0 72 55 14 43 59 66 41 37 74 68 70 17 19 51 49 29 98 6 93 14 10 49 72 40 11 73 4 10 59 45 11 31 0 25 75 59 92 16 97 66 85 68 84 5 19 33 34 17 40 28 32 50 78 5 90 90 79 
95 1 38 41 12 70 42 38 46 2 30 62 0 96 48 68 81 53 88 14 88 6 54 17 38 5 95 44 96 86 23 92 87 62 33 99 33 76 37 79 79 68 42 79 65 90 47 46 43 35 61 32 41 15 49 80 21 45 24 18 31 47 10 18 10 44 18 43 21 56 22 0 24 64 79 89 55 27 36 99 63 97 31 5 13 80 85 34 26 10 52 57 58 63 76 68 7 95 11 28 
51 34 28 76 99 8 66 54 35 2 53 99 99 84 4 13 65 90 47 91 0 0 49 58 63 25 27 71 21 39 0 72 74 29 49 73 38 16 27 74 18 80 73 18 65 77 31 30 67 79 21 68 80 71 27 44 96 54 16 17 94 16 90 68 46 40 41 84 56 69 58 75 49 31 94 15 8 26 45 76 6 67 44 86 38 71 31 35 26 47 53 20 64 44 88 10 85 30 94 41 
99 52 17 49 83 12 64 92 39 10 68 45 77 13 32 16 84 63 52 11 11 5 31 75 50 20 85 35 50 79 76 49 32 94 98 15 7 63 8 46 73 77 91 50 90 24 67 75 87 19 86 99 25 18 74 75 38 60 10 88 40 87 38 72 81 37 88 88 0 96 34 73 73 26 24 63 50 91 39 38 11 25 37 36 43 12 11 82 72 21 70 12 8 9 85 90 46 73 79 47 
69 14 20 43 40 44 7 91 36 46 30 47 72 68 83 15 81 95 97 53 16 68 66 25 78 51 16 24 25 95 71 94 9 92 37 50 37 44 42 73 91 72 21 63 40 5 78 21 0 76 75 17 45 42 43 23 94 59 48 19 55 20 14 64 12 52 15 50 97 57 24 88 30 45 51 70 51 30 92 51 7 68 69 52 11 13 75 6 72 23 25 27 43 40 92 56 92 7 6 90 
65 30 78 95 76 29 66 27 60 59 79 67 27 48 19 39 62 95 45 34 19 71 62 62 11 55 19 4 63 25 94 28 56 73 23 32 3 90 60 63 49 39 31 77 88 50 16 50 46 62 85 65 33 47 28 45 2 47 50 65 73 45 94 30 18 18 62 21 8 23 85 57 62 16 35 50 67 51 1 13 13 86 78 47 34 6 92 36 54 42 2 28 88 97 58 6 15 21 27 24 
44 13 81 6 29 16 57 96 68 58 9 82 45 88 29 79 95 22 16 49 65 19 78 53 16 36 60 32 57 87 56 2 1 38 9 30 55 67 26 24 26 36 6 71 24 36 50 20 59 67 69 24 86 47 78 3 84 38 35 42 26 92 44 27 30 54 58 85 21 84 9 47 21 16 19 46 53 70 66 12 37 36 37 23 84 15 26 68 54 62 10 80 54 55 8 85 10 66 71 31 
51 80 79 73 97 98 19 50 69 86 62 6 22 99 30 6 15 56 75 69 19 85 50 73 41 59 58 51 25 29 83 76 10 62 49 8 61 69 59 31 55 21 37 78 21 67 84 37 24 59 7 44 45 57 17 87 16 76 38 42 6 22 18 17 85 68 26 47 38 85 78 94 7 15 72 29 83 56 66 8 16 73 52 62 30 70 49 47 47 88 89 53 10 8 71 96 77 98 43 15 
83 21 9 90 37 81 20 21 38 86 29 55 59 81 17 90 52 66 37 99 55 27 53 66 35 24 62 13 22 5 29 6 27 39 97 65 20 17 86 59 3 16 14 63 97 32 53 49 99 91 48 54 19 1 20 54 26 83 68 49 88 97 56 16 36 53 81 57 71 67 16 75 83 31 38 81 63 92 31 63 84 80 17 3 82 38 58 8 21 26 58 10 23 14 26 60 68 7 17 40 
74 34 15 58 66 54 39 30 47 71 93 31 51 10 34 33 49 92 42 70 18 0 80 42 15 6 2 84 14 20 25 88 54 40 47 21 95 87 51 42 58 44 73 9 55 8 42 4 0 84 75 19 85 56 61 1 63 64 85 77 85 10 66 39 51 13 61 47 0 12 89 58 57 63 68 12 71 10 17 71 95 92 91 81 49 52 82 12 17 68 89 2 79 56 42 30 69 3 77 70 
16 67 29 73 30 97 86 1 7 3 73 3 96 64 84 45 17 66 58 35 34 48 37 14 4 80 44 73 84 22 44 0 90 73 74 20 70 60 22 78 63 95 81 60 60 66 5 77 33 64 12 67 12 50 82 16 30 26 90 14 49 34 15 40 7 89 60 78 49 83 57 13 79 38 73 39 5 79 16 38 43 29 6 55 79 88 72 9 15 62 24 64 96 40 5 4 29 65 83 79 
49 40 92 28 79 66 67 84 45 84 22 89 13 29 45 92 17 17 2 32 80 26 97 77 66 2 81 96 68 65 76 17 5 68 46 85 35 13 69 81 97 92 70 11 21 15 3 39 33 5 71 13 32 69 90 99 72 72 95 41 37 71 59 43 40 5 28 75 19 98 56 17 90 27 28 12 43 31 51 77 37 23 90 69 93 81 68 65 54 64 6 91 36 65 35 76 71 63 52 90 
61 9 7 52 37 35 64 80 67 16 57 4 40 48 74 34 29 42 99 83 7 6 75 43 72 11 20 43 74 73 33 36 82 41 88 19 77 53 0 44 70 57 49 11 6 23 45 36 66 45 20 74 52 96 17 24 7 38 67 81 11 1 18 94 42 7 13 20 61 14 64 31 72 14 43 78 38 89 14 5 34 34 79 86 30 97 11 38 35 78 19 46 80 38 40 23 45 54 43 6 
68 8 38 41 23 81 19 61 70 34 67 5 69 46 92 0 43 3 38 79 82 58 25 62 96 66 86 42 21 29 48 90 38 87 31 61 69 50 23 40 85 90 45 54 37 38 54 81 41 92 60 23 51 86 86 47 53 72 89 74 2 38 64 40 26 95 2 95 46 25 35 31 16 81 85 54 19 40 35 61 33 96 84 84 82 70 31 35 43 21 10 45 60 74 86 86 70 88 82 16 
14 18 48 31 99 34 85 19 74 20 81 7 17 65 91 99 36 23 35 79 45 45 25 5 20 11 92 90 0 74 7 15 92 55 46 92 89 32 12 63 53 93 71 70 58 63 69 95 86 5 74 32 51 99 37 71 11 29 62 11 3 69 26 96 25 73 88 14 5 0 78 58 93 50 28 52 13 98 47 0 4 21 32 55 21 70 27 33 99 89 44 3 59 71 99 84 44 87 99 50 
88 78 8 81 28 37 33 42 36 80 42 40 2 75 95 24 45 23 57 44 12 2 48 72 73 48 57 18 35 57 68 23 35 77 5 64 15 39 6 51 19 49 91 22 24 87 46 69 10 4 14 22 6 62 95 80 10 53 98 46 10 67 70 45 45 76 10 60 15 16 11 34 66 3 57 90 90 4 59 0 8 74 23 15 37 18 95 48 71 94 95 82 62 65 28 7 41 38 68 57 
55 80 92 21 83 49 11 73 53 71 74 62 46 97 77 83 16 72 32 88 66 27 70 28 93 98 36 35 37 4 92 92 85 84 14 68 33 26 42 87 98 16 49 44 13 27 28 30 99 60 18 66 87 88 95 80 87 32 15 24 37 7 17 22 91 31 90 25 57 32 12 55 49 62 0 63 89 28 93 89 88 11 56 75 0 51 56 87 83 71 12 20 79 30 43 71 61 33 96 19 
66 9 75 16 72 75 79 61 4 72 51 92 83 7 68 84 59 24 71 42 96 84 63 76 14 6 47 76 40 44 96 7 53 71 23 26 47 2 87 51 74 39 44 58 46 12 42 5 37 14 48 34 99 12 10 14 19 57 90 60 1 86 67 55 58 91 81 6 93 69 58 68 8 2 27 55 15 70 61 52 84 10 86 84 22 96 98 42 54 88 2 55 75 70 11 34 61 92 40 54 
62 98 23 70 0 50 26 16 20 87 68 5 97 55 89 20 52 88 62 6 77 65 62 52 35 73 87 96 66 27 51 28 26 74 99 26 25 25 42 45 13 11 50 10 67 40 31 19 28 94 26 5 59 88 58 94 62 45 91 29 73 43 57 99 17 57 26 43 83 69 88 96 80 39 6 47 80 38 67 9 32 93 14 91 81 73 86 44 19 78 73 92 21 31 92 39 88 18 82 71 
87 70 68 68 10 75 16 90 13 83 99 45 76 14 36 58 88 23 2 7 1 76 0 22 7 92 61 96 10 43 68 98 14 36 66 24 11 82 15 24 65 15 70 42 29 6 0 18 30 3 25 31 79 26 54 86 18 15 83 29 59 52 27 74 88 94 99 0 76 14 25 42 29 95 84 59 2 85 77 32 88 3 64 67 29 18 54 48 34 38 77 94 90 5 68 79 99 67 79 76 
82 5 18 12 0 3 71 3 89 49 36 77 53 1 45 83 19 0 31 54 38 9 49 29 14 18 8 13 85 88 89 68 94 8 80 95 12 52 98 1 2 35 79 55 36 25 39 56 26 70 10 65 79 60 94 94 78 3 8 64 92 97 32 86 6 12 81 19 65 79 20 67 14 0 23 51 26 62 7 52 33 18 17 12 78 11 7 56 15 15 20 7 13 52 93 19 65 74 39 30 
54 60 98 68 60 21 19 86 84 27 39 17 45 56 29 23 68 36 80 83 52 0 90 65 53 84 85 19 58 24 50 12 84 48 81 45 70 1 31 54 28 70 71 73 27 1 97 95 38 77 79 90 78 70 55 32 54 40 51 12 65 1 25 49 50 6 94 20 7 26 74 36 97 46 10 24 47 7 20 85 85 99 76 64 69 31 96 23 72 47 36 37 49 61 87 99 68 81 19 76 
8 94 12 5 40 22 30 87 30 51 73 16 51 49 80 20 81 76 44 53 24 81 91 73 42 79 72 11 61 92 87 69 86 99 75 26 22 6 14 53 57 88 69 8 37 50 29 18 26 74 72 51 55 64 24 98 43 97 9 4 89 96 73 76 95 49 3 18 55 17 71 13 5 41 21 43 91 51 61 18 25 34 69 81 99 93 79 42 91 88 47 80 85 21 56 81 70 59 99 25 
77 71 39 83 12 60 26 3 11 88 21 37 22 90 18 21 84 97 64 75 86 11 56 71 32 12 53 3 72 52 29 50 23 68 33 35 28 59 39 40 48 60 78 70 50 96 92 34 94 57 10 81 69 66 53 1 79 6 5 52 59 34 2 82 2 36 18 31 96 57 72 44 18 50 15 68 47 8 3 41 65 14 22 34 80 75 36 60 82 41 12 41 75 15 24 78 51 42 9 47 
0 82 92 18 32 7 87 80 15 91 21 81 5 44 15 86 20 52 46 2 93 58 43 69 74 67 47 25 10 57 73 11 39 65 30 72 72 17 52 88 9 74 69 14 18 85 0 39 37 47 42 30 5 86 99 79 54 47 5 65 4 78 76 43 44 6 15 16 24 68 5 33 42 74 48 61 59 49 0 96 96 43 27 2 29 27 82 83 74 88 48 79 67 25 22 11 31 38 28 56 
6 33 90 48 7 38 9 67 88 10 64 85 53 91 87 83 19 70 66 94 58 15 73 25 40 95 37 72 34 65 28 40 98 18 89 5 57 99 73 46 9 37 31 63 29 19 46 48 90 13 43 49 28 16 75 68 12 12 40 46 77 69 87 75 88 76 81 46 75 54 92 85 92 24 48 21 44 95 70 34 8 14 83 36 30 58 5 43 70 46 90 48 16 77 23 4 54 5 50 29 
59 43 15 52 68 63 74 12 59 44 47 67 58 30 4 89 89 10 32 60 57 22 8 73 0 31 77 54 36 28 84 96 72 99 48 40 63 22 53 22 67 0 90 26 31 95 16 20 5 49 81 62 72 89 35 72 21 13 26 58 41 11 54 14 10 3 54 73 26 8 96 94 8 86 21 40 82 37 61 87 87 42 50 59 31 86 31 53 0 58 11 42 70 66 56 80 70 11 54 96 
19 50 91 28 37 13 68 20 50 30 7 38 72 58 97 4 45 29 57 45 88 69 87 58 35 43 38 5 54 93 2 74 44 93 2 82 6 71 2 57 1 10 95 73 68 93 78 14 22 35 59 10 5 47 69 40 91 7 45 46 1 48 20 45 41 22 27 48 93 29 6 94 39 2 68 8 95 46 22 18 82 82 29 87 30 98 27 21 6 73 67 7 21 87 53 63 10 81 12 4 
10 18 98 50 21 66 59 17 13 82 35 95 65 65 83 95 63 11 17 70 85 84 78 6 72 31 70 82 12 82 86 23 1 85 74 23 52 33 40 65 16 76 61 82 41 45 77 5 56 94 75 41 79 53 48 51 85 18 34 97 1 21 21 3 6 95 26 59 29 67 24 46 43 86 28 85 31 5 91 88 0 66 29 79 20 78 31 6 97 65 4 98 86 25 2 92 21 29 51 50 
96 76 97 40 63 25 26 95 31 17 83 31 84 13 11 4 92 42 11 89 8 15 88 94 40 90 87 61 20 39 12 17 16 9 57 80 35 83 75 66 1 59 98 85 73 10 90 65 52 1 55 61 16 43 55 56 34 43 18 54 82 31 71 99 40 29 79 76 13 55 42 14 14 41 0 88 51 90 53 4 91 8 65 7 52 20 64 86 64 82 41 46 13 13 46 54 42 25 30 56 
80 73 71 95 14 71 83 66 61 36 70 52 45 35 60 97 56 24 84 20 7 25 67 21 38 13 76 81 38 7 37 19 80 9 14 95 80 97 61 42 34 32 95 80 67 55 78 24 80 62 44 87 87 12 9 25 25 85 7 64 92 44 84 73 53 98 69 34 96 30 76 30 62 71 11 30 27 89 54 7 51 99 95 38 11 4 64 37 90 71 2 82 16 86 56 70 84 25 4 81 
56 81 12 19 53 23 50 80 12 5 87 63 4 82 2 16 87 67 54 77 39 56 60 55 43 16 26 28 42 31 9 99 12 21 18 65 44 68 46 56 74 33 20 78 16 22 95 3 90 49 80 29 6 40 85 49 56 11 77 99 42 86 98 55 7 17 21 52 86 67 8 60 1 29 38 17 51 34 20 41 84 0 71 90 41 56 39 98 67 17 97 10 3 95 65 11 12 87 63 98 
54 72 59 55 1 97 72 53 32 93 95 16 94 66 6 35 22 46 33 90 63 31 0 67 27 66 79 40 53 43 39 8 15 98 63 17 95 36 70 28 30 66 44 24 32 51 60 54 97 94 44 61 25 45 28 53 11 8 93 65 51 32 73 66 30 37 84 26 74 55 54 4 21 98 29 53 50 90 8 47 84 53 9 10 98 38 63 10 46 57 75 97 89 49 64 19 86 48 45 60 
3 0 65 25 99 95 78 49 85 87 96 70 40 6 81 39 44 44 49 90 2 25 88 91 74 52 11 60 1 56 21 5 57 86 30 56 82 8 5 67 95 2 38 36 8 19 75 52 64 24 43 66 49 31 57 23 83 68 84 84 25 5 89 83 92 19 39 74 28 44 42 24 47 80 60 55 0 35 8 64 60 51 31 10 82 88 33 66 57 18 51 83 23 40 66 16 60 6 91 89 
51 34 14 98 14 74 54 15 10 62 79 71 14 11 81 96 0 15 63 57 33 14 41 57 55 8 73 15 14 65 5 65 99 19 64 14 94 18 29 5 81 9 76 95 20 58 92 20 73 55 78 6 69 20 64 24 28 38 40 43 3 45 9 2 65 73 17 60 91 46 65 72 56 42 68 76 0 60 97 73 15 76 80 84 96 44 9 25 82 49 68 86 95 78 89 60 51 6 20 43 
53 86 16 9 28 84 86 28 44 84 1 60 60 82 44 56 26 53 82 9 3 51 95 98 29 85 59 80 91 80 24 44 66 40 54 94 25 41 22 70 25 24 30 85 6 75 42 33 29 25 42 32 76 38 30 5 23 90 85 15 70 10 59 36 50 14 31 75 55 54 45 81 79 76 67 85 51 10 19 80 35 61 12 11 0 43 16 23 33 2 38 4 12 98 41 63 13 72 39 69 
27 85 50 6 61 18 92 12 28 11 93 64 72 5 75 73 49 92 96 83 95 35 87 7 34 28 71 47 1 11 17 28 96 68 35 58 86 27 71 15 38 64 79 11 70 54 84 19 47 81 3 42 16 90 50 51 19 22 99 21 33 16 50 29 84 85 88 71 12 59 86 50 24 65 62 94 20 46 14 67 27 17 9 44 8 60 95 27 82 95 49 15 11 99 45 96 84 33 67 97 
92 53 48 16 19 10 11 39 56 25 6 84 43 16 28 51 76 24 79 59 19 29 74 31 28 20 28 13 53 96 10 46 49 58 63 68 68 74 7 25 0 14 9 43 30 38 95 7 62 75 66 82 4 41 14 32 61 42 46 15 38 56 61 88 14 24 57 83 99 65 8 99 79 18 43 10 56 39 18 19 15 85 1 19 26 16 52 88 58 98 3 97 54 64 85 69 89 43 53 88 
8 61 88 87 80 32 98 36 72 16 55 87 1 57 6 28 73 59 16 32 57 20 30 12 85 16 82 74 59 35 63 67 97 52 55 77 84 54 14 56 70 70 43 72 28 50 0 2 9 17 34 67 37 64 79 22 81 62 97 40 97 60 8 94 12 63 72 97 17 86 53 88 57 97 60 85 47 61 87 57 78 22 24 15 87 4 38 68 66 35 8 63 95 16 58 8 80 31 5 98 
17 58 86 75 56 47 60 3 8 47 61 87 70 85 2 57 90 41 25 56 76 33 20 72 50 79 81 30 10 86 28 28 45 14 3 1 62 63 5 70 11 66 57 81 52 60 39 42 1 64 99 78 98 19 51 48 98 32 78 8 19 7 36 64 22 39 66 84 3 71 54 15 38 12 97 91 72 36 33 74 0 32 53 99 52 4 47 50 37 26 59 56 33 95 20 55 35 87 39 39 
59 94 54 97 6 51 89 79 88 22 54 89 55 7 88 7 12 35 58 50 61 18 6 95 13 27 50 49 14 90 89 73 85 43 71 92 95 60 71 83 83 26 72 38 33 60 46 46 96 5 96 57 23 3 53 37 30 3 87 45 94 76 19 80 20 90 72 15 51 44 99 34 70 72 73 4 32 20 50 28 25 47 86 49 50 39 87 81 43 74 26 38 51 45 18 71 36 90 86 87 
34 86 21 5 58 95 9 91 15 60 20 41 8 6 90 58 46 77 40 90 52 67 29 3 12 47 74 49 38 61 36 73 47 58 78 6 53 88 97 68 48 17 9 56 24 0 15 70 78 55 61 30 22 90 34 35 38 9 84 77 70 21 50 18 79 29 25 33 17 22 2 66 39 11 22 63 12 38 34 90 94 96 21 16 86 55 52 25 64 37 2 35 58 53 54 38 82 80 72 99 
2 74 66 42 85 89 5 98 27 40 88 21 36 9 38 23 65 91 48 30 28 51 66 87 4 21 26 86 1 98 86 3 72 52 45 58 41 51 56 69 91 45 91 28 55 29 51 21 20 0 51 49 51 18 36 56 39 63 43 41 61 29 45 34 82 91 93 24 42 49 93 34 95 84 63 50 14 15 71 35 15 23 85 67 41 22 24 81 85 67 22 47 96 67 81 79 59 74 3 1 
24 96 36 19 81 99 70 96 14 42 31 30 66 17 97 7 39 22 89 24 89 12 71 85 80 52 65 39 27 68 40 52 65 77 72 47 76 42 43 91 85 75 21 51 92 19 59 31 41 48 55 30 60 27 16 41 80 81 80 7 50 21 59 15 98 31 62 75 74 6 66 60 81 88 11 73 8 70 5 50 19 60 81 80 88 98 21 68 80 1 76 30 22 36 46 21 68 8 96 43 
14 63 3 96 52 14 69 61 85 74 11 4 35 92 84 24 90 5 92 70 7 68 1 30 5 47 51 73 56 48 16 70 12 19 67 65 34 36 26 19 11 37 24 47 30 9 71 21 15 64 92 22 32 93 52 37 41 4 11 97 53 27 68 65 46 35 30 80 72 57 0 83 95 24 31 25 33 2 47 48 67 39 71 99 33 24 37 75 28 49 72 81 76 41 47 23 76 78 4 49 
35 4 33 30 29 64 56 63 67 3 12 34 43 83 34 77 7 72 52 36 21 25 17 98 66 64 21 43 42 25 92 78 30 25 8 60 90 65 23 57 69 35 91 13 19 26 90 26 98 43 62 19 69 80 18 36 45 39 79 88 65 72 66 96 98 75 56 88 40 79 46 9 15 38 23 34 64 14 61 63 57 24 83 27 4 1 63 49 40 43 37 6 16 4 2 14 79 58 3 19 
38 50 29 53 88 53 88 53 67 49 16 24 73 99 51 77 0 15 27 40 58 65 47 75 69 49 89 48 7 93 68 45 43 98 99 32 51 87 85 18 37 1 43 10 0 95 88 1 10 15 42 69 81 89 44 50 38 34 99 46 28 67 92 71 65 91 4 17 79 89 35 16 91 79 27 91 74 15 92 85 31 34 54 12 24 99 63 62 33 62 8 61 30 0 33 96 92 37 13 72 
27 49 88 18 28 16 9 2 32 2 87 63 37 42 76 61 42 40 24 75 2 32 37 33 33 71 29 26 8 42 98 36 91 87 54 19 3 64 22 35 66 10 99 4 52 76 66 94 16 90 70 19 23 8 52 57 79 81 83 88 24 81 24 15 68 78 35 72 43 57 8 10 67 7 14 20 84 81 15 1 71 86 20 95 94 73 52 74 55 35 63 79 17 88 95 85 66 30 58 10 
87 66 20 55 74 34 75 58 15 91 59 87 77 80 82 72 54 34 47 9 69 10 89 87 98 84 73 65 14 31 75 2 98 95 57 72 30 33 31 46 24 91 33 2 72 15 75 26 50 22 35 20 32 24 7 30 9 80 96 23 11 71 25 10 67 82 82 97 16 14 43 41 6 76 43 78 92 18 4 43 40 40 63 73 65 70 4 74 51 0 98 62 72 23 73 39 6 56 36 22 
70 80 63 76 57 7 54 50 25 59 93 66 99 56 39 65 27 43 40 78 44 38 41 16 61 14 56 68 70 93 90 40 73 54 17 31 61 72 81 87 31 74 53 31 30 93 97 57 37 37 35 81 75 76 98 37 91 54 5 61 47 96 2 21 50 19 52 12 91 33 0 23 7 53 55 38 47 52 96 85 89 31 67 65 8 65 2 99 20 7 61 68 4 63 89 55 82 41 67 74 
75 67 97 83 21 53 21 69 5 17 54 95 49 21 60 58 87 62 58 7 70 19 76 74 82 65 29 65 7 97 39 83 65 37 66 86 90 87 56 96 5 10 91 54 32 51 12 19 14 70 27 85 90 3 59 72 69 89 38 76 87 78 60 52 15 26 39 6 13 95 2 18 5 94 73 37 45 86 57 60 57 85 45 47 88 5 20 58 95 58 35 82 36 95 34 52 21 73 59 35 
69 61 54 74 56 27 12 2 13 70 62 71 55 8 18 44 13 38 2 8 97 38 90 33 33 25 86 55 99 45 90 68 7 44 43 63 72 56 65 86 26 28 57 82 36 75 27 49 14 30 58 11 68 49 45 2 74 32 57 74 77 47 43 84 92 87 47 65 43 13 51 70 42 9 53 78 85 80 28 99 10 86 11 79 35 57 81 10 89 38 85 66 86 29 51 79 16 99 44 60 
12 96 31 54 5 84 33 90 64 61 90 75 48 2 54 84 59 35 95 49 74 80 16 61 10 67 40 26 66 85 86 79 81 17 34 87 2 68 78 67 29 68 42 78 71 97 62 30 33 57 80 7 38 96 69 48 63 9 75 30 95 62 9 76 79 44 64 82 12 42 49 42 11 92 20 82 89 83 13 22 41 93 30 80 89 99 29 53 9 4 83 4 66 93 81 46 38 46 28 51 
88 78 93 0 70 14 82 59 98 96 82 40 89 13 20 79 13 49 32 22 54 16 27 20 10 9 67 49 55 96 0 44 74 94 44 44 8 27 4 7 23 86 47 12 0 67 91 13 17 24 36 71 41 64 92 51 73 59 1 28 55 1 72 30 95 17 74 4 44 78 11 67 65 58 79 65 26 71 79 43 96 15 15 37 80 7 89 53 67 90 82 22 92 55 52 87 72 27 92 16 
6 3 84 71 62 64 37 88 36 16 31 32 32 46 70 12 54 60 66 21 51 48 44 43 3 96 31 76 24 23 93 30 26 77 1 88 41 38 77 77 55 8 10 87 55 80 0 9 41 66 30 92 14 75 35 18 72 67 94 96 90 88 26 17 65 28 6 7 67 83 85 22 92 95 10 47 76 11 57 17 77 88 9 92 63 45 10 35 12 5 32 3 93 58 20 59 87 26 66 54 
10 51 77 2 47 88 50 23 99 8 41 76 96 51 68 60 96 79 96 9 85 28 12 79 87 32 38 74 59 5 28 69 57 6 72 5 94 22 28 93 31 70 69 27 21 38 88 17 17 84 26 3 13 39 82 0 72 21 74 31 26 3 1 84 9 74 89 3 97 18 96 28 88 66 56 9 4 44 27 22 29 54 26 43 93 8 43 65 29 18 97 56 21 99 41 30 73 30 33 70 
48 30 99 37 96 55 46 1 0 73 24 30 28 50 73 21 58 17 86 88 35 84 45 56 83 86 86 56 16 20 27 65 50 27 2 47 83 49 48 83 23 73 14 51 23 88 72 82 5 59 70 41 43 15 97 26 1 84 83 18 5 11 83 56 38 86 3 21 35 52 5 58 25 20 9 49 8 82 31 14 41 1 55 85 17 53 11 19 38 95 37 43 7 21 99 45 8 3 67 43 
56 72 2 82 93 12 31 1 95 63 16 36 64 72 22 82 25 34 1 63 29 39 7 36 61 7 82 69 11 49 13 67 22 15 50 15 28 82 17 23 45 33 60 10 5 82 92 31 16 94 95 46 33 2 83 95 9 65 64 20 15 77 88 37 93 38 53 22 21 70 46 66 4 6 76 10 89 69 42 6 63 37 53 97 40 36 92 50 2 57 71 17 34 59 55 28 98 8 50 19 
79 97 86 84 3 63 95 93 32 37 0 96 74 53 94 15 89 87 65 91 44 36 9 79 95 64 7 94 73 58 14 53 55 1 37 59 64 33 52 97 70 52 94 45 6 88 60 95 75 25 87 19 61 96 98 57 61 6 52 34 65 67 87 20 68 25 80 32 58 33 30 29 86 24 74 92 12 35 88 88 60 75 8 22 72 6 79 33 13 32 68 78 99 56 99 67 82 80 0 41 
13 30 70 0 54 45 93 67 80 81 55 40 57 63 63 30 70 42 63 83 75 32 62 74 89 62 42 71 42 42 13 56 72 83 57 26 29 50 93 9 31 49 50 89 12 13 19 82 56 83 66 31 15 28 6 4 91 48 76 34 90 89 91 62 73 48 89 2 98 83 12 30 32 62 19 45 75 38 27 32 22 93 63 37 22 69 42 14 18 19 48 8 9 39 71 82 88 61 85 87 
44 97 17 77 59 37 22 35 76 50 67 98 44 31 36 67 1 79 81 19 98 29 28 8 69 99 90 57 60 76 44 5 73 62 83 33 99 5 68 76 56 36 74 0 68 11 67 69 90 48 88 89 78 16 97 48 16 88 6 76 65 51 82 38 13 65 72 13 71 41 89 27 77 64 28 45 76 96 14 66 45 3 56 23 20 54 72 37 43 78 14 8 29 96 46 43 62 19 56 33 
60 46 61 37 11 90 83 87 86 98 54 31 2 11 55 22 65 27 59 8 6 73 17 35 70 64 78 32 83 35 66 43 81 27 80 92 18 64 80 4 62 35 36 64 46 91 87 12 19 47 20 25 20 37 60 91 1 39 23 85 74 89 28 56 17 9 49 35 73 29 40 35 65 76 0 11 67 87 23 86 34 44 11 55 82 72 46 84 12 70 69 86 59 97 42 77 6 92 12 80 
22 52 16 87 29 16 98 96 4 22 83 39 66 95 94 48 67 41 32 79 11 2 66 70 99 9 48 6 1 61 87 23 13 3 11 43 20 9 39 24 31 22 63 98 17 58 47 85 99 79 65 10 82 32 81 82 41 29 89 43 90 76 67 4 79 79 47 99 88 87 24 20 10 87 18 28 46 65 13 45 45 79 56 28 11 37 10 53 67 99 97 58 75 65 62 55 44 10 55 33 
