97 79 54 7 67 72 35 13 38 49 59 84 29 16 12 41 53 23 95 21 22 92 79 98 58 42 54 3 53 9 36 51 89 90 58 57 63 94 71 2 44 30 86 73 47 99 15 1 23 10 22 46 2 2 44 61 45 99 64 98 8 0 49 98 91 8 55 54 3 26 57 47 57 44 21 4 43 36 6 67 46 28 13 49 30 57 10 75 57 74 74 65 75 23 64 66 31 20 21 34 
47 78 82 5 22 3 10 66 40 16 33 86 44 46 36 75 4 46 51 61 21 25 27 97 49 91 64 80 12 86 15 59 64 97 64 87 1 74 54 42 90 88 29 34 34 65 10 39 12 61 1 34 87 28 31 36 20 96 17 32 82 33 91 46 31 56 34 32 30 89 74 20 77 4 55 12 69 65 51 82 27 52 16 14 81 48 51 2 44 69 34 26 2 26 73 33 82 7 66 12 
96 41 33 74 45 88 86 15 53 37 97 81 90 13 96 71 62 47 73 6 17 8 32 20 35 5 54 17 13 21 30 10 62 63 84 8 51 70 24 5 8 22 86 99 36 83 71 98 30 44 4 48 53 36 68 88 42 22 6 55 44 37 66 6 0 51 15 52 22 40 58 30 62 45 30 98 28 1 96 59 46 1 7 99 37 76 88 80 99 95 36 43 32 2 50 33 53 66 86 76 
6 44 7 69 90 37 67 18 38 64 78 85 65 86 85 3 62 73 83 62 69 19 5 1 22 56 34 76 22 20 52 29 65 59 98 55 96 66 74 35 31 52 20 96 38 5 99 0 79 83 62 48 3 68 50 25 25 85 1 47 6 54 77 71 13 76 26 10 43 0 46 74 52 67 71 91 73 71 91 53 54 54 1 57 23 52 83 48 37 84 96 43 39 73 14 53 50 41 64 93 
42 10 68 95 78 39 86 51 10 78 4 65 33 6 22 56 58 5 5 96 90 1 39 30 75 54 83 25 96 47 19 39 57 87 34 36 27 21 87 37 0 92 3 33 98 25 89 57 31 94 53 22 96 93 52 71 48 36 97 44 83 17 84 41 5 19 77 32 40 65 70 40 57 73 73 55 99 63 13 31 58 67 53 54 60 6 25 9 42 23 54 26 40 38 67 45 57 44 77 98 
9 48 39 67 21 13 23 21 76 36 52 34 3 6 89 64 12 15 73 55 38 27 81 79 65 49 24 23 93 2 21 3 51 60 70 72 73 93 93 50 30 46 85 34 52 74 98 65 90 71 21 28 99 2 8 65 52 32 88 45 35 10 49 86 70 20 59 44 14 53 94 44 99 80 79 52 54 77 18 45 49 39 73 48 42 82 13 94 14 2 40 50 12 89 37 83 10 96 27 24 
50 22 69 50 2 48 2 57 26 20 2 75 60 76 24 2 58 37 96 73 39 36 24 52 26 61 35 37 58 62 61 9 85 31 59 88 79 62 45 5 83 48 81 43 25 5 46 84 43 42 58 82 79 82 35 6 44 70 43 3 32 5 13 17 36 72 6 16 35 51 22 18 0 3 62 26 8 8 10 51 51 69 34 31 51 69 37 96 40 81 0 72 86 13 90 23 86 96 39 21 
48 61 40 49 64 3 75 73 11 86 25 63 55 60 94 7 30 32 4 70 13 4 43 0 17 34 23 3 31 62 24 79 24 65 29 89 68 5 63 80 91 88 43 47 49 38 54 79 70 58 50 84 63 93 84 80 27 8 84 58 70 9 38 95 74 67 84 42 72 47 23 64 36 66 11 85 5 66 64 75 24 15 60 87 8 45 68 36 53 52 94 24 61 33 19 35 1 3 78 74 
51 2 38 87 69 50 72 74 16 37 50 41 52 10 29 61 56 97 97 9 50 92 33 11 25 53 47 26 56 26 0 8 28 39 95 98 89 67 72 5 5 23 47 57 33 76 19 89 74 16 99 24 8 33 36 33 86 84 60 43 11 61 51 39 0 46 38 90 14 10 96 20 33 43 77 67 19 97 57 94 13 57 18 21 90 55 55 76 39 15 19 50 77 70 90 77 17 28 68 32 
39 64 52 73 7 30 41 27 27 98 21 40 56 40 62 46 95 17 22 35 33 42 86 10 13 77 88 30 6 56 63 45 20 15 19 28 45 60 55 72 59 76 12 15 17 74 61 12 92 84 48 25 26 35 36 40 12 24 71 18 81 34 64 2 49 83 30 94 43 85 66 2 61 79 17 78 54 78 91 46 63 40 72 89 75 8 29 88 33 0 6 14 34 70 16 84 54 46 78 97 
31 45 99 93 24 17 72 78 96 64 25 59 5 97 49 81 5 78 69 38 79 76 52 14 46 69 98 1 15 77 98 47 22 98 40 46 16 13 25 12 78 50 71 83 47 20 64 52 99 33 91 79 9 43 93 56 13 92 57 28 69 56 76 91 55 17 38 71 30 63 83 8 13 54 92 61 75 56 14 74 90 5 53 99 49 47 56 62 39 14 90 9 70 67 1 25 84 39 96 14 
2 79 23 16 34 15 77 9 72 91 84 62 97 38 62 46 85 18 8 25 32 99 35 3 66 36 28 50 75 25 65 78 5 89 94 39 5 72 49 77 64 34 40 61 72 2 7 58 21 16 83 54 15 19 57 81 55 86 32 30 11 98 8 16 87 3 56 93 76 6 70 40 40 11 2 12 13 10 70 35 26 54 89 42 73 46 24 29 33 56 59 44 55 68 61 42 71 17 35 47 
23 6 88 64 18 91 76 32 1 47 67 28 2 56 70 76 3 95 5 36 51 65 81 6 33 42 49 4 60 85 52 84 92 41 48 10 32 24 42 34 72 10 62 75 66 33 51 70 28 56 6 80 22 88 87 55 30 37 60 90 23 12 75 15 53 23 26 86 47 69 20 20 79 83 95 46 16 46 16 45 3 23 26 25 11 13 81 42 50 41 33 74 54 8 89 8 31 16 94 79 
85 15 99 64 98 94 10 15 41 27 60 45 50 86 71 62 0 52 4 51 94 37 25 48 45 15 56 76 31 50 56 17 65 55 82 64 50 93 79 92 20 40 38 71 27 9 33 27 62 37 79 56 75 4 4 20 20 60 97 52 11 53 69 77 9 52 41 60 45 20 52 66 60 90 37 87 0 71 15 62 8 94 18 83 99 23 4 20 84 2 72 95 56 42 72 65 94 14 25 40 
34 78 6 95 68 44 83 68 15 99 31 24 94 49 8 93 73 12 14 57 15 86 52 71 29 25 37 23 39 62 63 74 40 70 69 9 14 53 78 29 52 9 54 46 58 62 40 32 75 54 89 90 41 42 62 70 68 99 94 8 62 58 82 3 28 52 12 43 5 90 72 58 99 27 5 58 89 45 91 64 0 80 55 42 22 17 12 91 16 7 99 79 65 81 82 93 34 95 36 39 
86 9 98 86 36 3 45 26 48 36 90 49 16 46 91 39 63 4 30 80 11 29 60 76 11 42 70 45 37 7 85 24 16 83 10 53 86 55 79 35 91 70 84 8 17 76 47 80 80 78 61 92 8 21 69 19 64 39 65 2 46 50 26 63 33 36 17 20 91 97 55 83 68 40 91 85 16 39 66 97 17 27 89 25 48 58 45 13 98 10 15 44 60 41 8 94 77 25 15 69 
23 70 53 91 11 44 76 27 83 42 25 1 70 14 26 19 73 72 32 71 82 47 16 43 88 25 38 66 51 53 36 74 23 89 65 35 33 42 63 17 85 88 18 55 3 45 75 76 17 7 48 0 54 65 43 43 90 82 9 41 35 45 16 59 35 82 94 68 24 57 85 10 45 4 66 48 49 41 25 66 48 74 66 3 39 10 46 30 92 56 71 27 2 88 87 37 70 81 6 95 
38 92 5 84 96 71 33 45 12 59 12 61 33 79 65 72 89 11 3 82 68 74 10 71 63 97 8 33 79 14 28 18 6 33 2 3 5 36 48 18 95 60 80 28 40 45 1 29 57 4 12 25 79 23 96 42 20 5 75 99 20 4 18 27 38 20 30 43 56 78 62 52 39 42 80 79 88 81 9 45 86 22 71 65 45 68 8 65 73 83 65 94 88 83 21 26 4 51 70 61 
30 32 13 70 75 94 50 63 76 59 9 62 82 80 28 27 48 36 93 22 20 59 16 8 43 38 34 48 89 5 9 20 37 23 91 13 17 41 77 93 1 86 56 83 67 84 10 16 20 4 38 40 63 55 49 7 93 83 55 83 88 64 4 26 88 95 40 5 36 18 98 37 5 55 21 72 39 32 89 60 36 27 1 0 83 50 8 77 34 63 60 23 28 65 50 16 60 90 21 96 
8 20 34 13 75 55 86 15 88 75 75 24 3 76 25 86 26 33 63 60 97 24 84 25 89 34 41 49 24 63 46 33 84 81 47 59 37 33 74 25 9 50 50 12 26 76 99 53 9 62 14 6 87 98 32 76 32 74 26 57 37 73 91 21 55 38 81 92 72 56 18 81 6 68 93 33 44 92 86 54 55 0 61 43 98 93 20 31 67 46 88 5 20 79 27 75 17 8 68 89 
65 86 71 72 54 64 5 99 57 91 53 12 91 14 55 90 8 75 21 76 22 9 81 43 89 8 19 7 17 87 97 83 73 68 55 28 32 60 27 89 51 81 2 43 96 58 33 4 34 54 80 57 64 62 0 53 71 19 60 88 7 57 72 80 25 27 8 58 87 36 48 39 17 50 82 13 9 16 18 43 70 98 1 34 61 2 88 32 21 48 21 28 6 93 9 32 20 18 90 8 
54 38 47 71 89 30 85 98 46 3 42 17 2 43 52 63 46 40 95 67 89 17 96 96 10 6 28 31 24 18 39 79 57 87 51 46 18 36 45 65 40 88 83 42 31 35 6 77 76 2 45 66 19 42 62 29 49 91 61 73 9 0 52 67 88 3 13 7 40 59 72 80 47 55 23 79 91 29 57 67 31 2 34 50 45 96 80 94 87 42 68 97 43 20 64 31 24 78 38 64 
37 11 45 85 66 68 64 57 97 21 25 28 24 59 79 69 56 60 64 44 2 32 41 45 53 6 77 77 85 16 42 22 27 87 8 94 56 72 51 53 93 77 82 17 36 62 87 93 23 51 37 25 84 78 71 37 85 48 15 70 65 58 93 92 46 1 86 2 73 38 56 67 15 38 84 52 1 72 45 24 23 82 50 8 61 21 46 47 70 61 17 35 20 11 27 66 12 14 69 86 
52 25 53 68 64 38 20 65 10 66 90 34 49 40 42 10 62 88 58 32 50 75 68 70 87 95 37 99 10 6 86 62 32 40 30 96 78 51 62 89 17 52 24 66 93 66 77 55 55 35 87 6 11 55 77 98 51 15 98 61 21 84 24 53 25 54 50 3 5 12 93 23 65 17 89 58 84 66 13 40 1 1 47 12 57 24 11 9 39 9 71 61 93 95 15 18 50 65 22 56 
78 16 79 43 33 69 2 18 35 15 59 37 17 6 50 75 31 61 84 70 70 55 32 64 51 47 83 1 13 6 58 91 22 37 35 56 6 37 75 42 53 34 80 70 40 31 45 71 92 30 42 63 85 74 27 36 22 11 38 36 17 96 28 40 34 63 96 41 0 72 84 53 6 64 24 47 95 70 18 88 0 61 51 86 36 79 23 58 90 62 95 7 58 23 48 93 86 44 34 87 
16 18 41 23 82 65 70 78 36 89 66 37 50 17 23 86 96 47 45 87 9 41 94 68 64 43 61 50 87 95 38 4 13 79 28 96 45 98 75 81 88 41 18 38 59 42 25 55 89 71 43 98 12 38 66 76 81 27 27 69 23 65 73 37 45 2 34 90 1 9 72 89 51 91 28 10 33 53 66 23 25 9 22 37 47 88 14 28 16 41 97 40 7 71 78 52 73 12 43 75 
22 16 64 73 7 92 83 41 46 49 64 71 58 87 9 6 76 23 34 93 64 32 33 72 3 11 25 77 24 68 52 46 85 17 19 92 9 2 34 56 52 99 28 11 86 37 17 62 61 52 55 25 84 88 98 87 0 23 65 24 92 17 71 77 34 90 70 44 93 4 1 45 3 29 57 89 67 74 51 28 27 6 54 11 95 52 99 95 76 64 20 68 82 91 46 16 81 16 61 75 
20 62 21 23 92 78 13 59 53 64 88 80 71 42 91 66 94 91 62 71 55 82 39 37 74 85 54 56 2 16 31 22 78 52 46 71 31 60 30 85 25 19 65 96 61 57 63 56 48 26 27 4 8 67 41 83 53 96 39 55 12 70 78 91 23 25 62 55 85 93 40 11 13 6 7 74 63 71 30 12 97 58 16 6 25 58 89 78 55 28 34 68 99 13 59 23 38 22 79 24 
16 19 35 29 26 43 4 89 14 34 2 12 93 19 18 18 77 7 97 33 36 31 1 36 44 61 60 83 83 39 8 0 59 43 30 85 86 34 75 1 69 77 13 62 96 32 80 74 40 78 7 77 10 9 13 55 70 74 38 53 13 46 54 73 90 84 58 77 19 34 78 88 11 92 50 8 25 31 83 65 9 90 42 19 0 56 74 70 30 13 24 44 60 78 17 50 63 76 27 82 
10 6 71 22 99 21 31 24 53 14 89 63 5 32 82 5 88 57 75 19 71 99 64 31 78 82 81 41 58 9 24 69 16 95 92 15 17 23 40 70 37 29 33 42 62 16 47 51 74 22 70 45 22 34 76 0 16 58 42 75 67 66 45 83 62 37 99 79 60 39 50 97 69 84 39 31 0 87 82 75 9 53 20 31 88 97 32 5 55 74 80 23 40 25 7 2 62 6 82 22 
45 32 19 15 16 59 46 17 46 29 92 56 83 13 88 71 10 20 76 66 94 57 89 35 83 96 38 45 3 20 68 49 53 88 64 70 47 11 87 94 41 80 50 24 93 38 96 4 59 73 70 54 30 60 89 14 57 28 59 60 48 28 10 1 16 74 71 64 86 59 59 27 40 9 52 34 48 48 38 7 21 9 61 52 70 51 66 27 79 26 88 28 54 98 30 71 73 2 36 59 
62 95 87 2 4 39 36 53 87 75 61 9 85 23 62 55 74 29 82 54 55 71 83 10 70 13 82 43 15 18 3 77 13 90 80 18 29 16 72 17 92 33 27 77 56 90 32 31 19 15 86 74 86 69 85 57 82 67 0 98 86 4 76 99 94 56 18 24 73 91 42 65 24 70 42 81 60 75 12 79 91 98 54 78 67 39 35 50 7 35 48 93 39 25 93 34 81 11 59 54 
2 1 20 27 72 63 8 32 38 21 11 30 19 65 8 87 5 43 37 12 79 86 5 19 11 98 54 93 10 13 47 13 15 67 41 87 30 49 19 69 70 31 99 90 97 8 78 2 51 16 15 30 3 21 50 14 20 4 8 31 17 55 45 33 23 86 21 54 36 40 24 7 72 24 97 69 32 76 72 83 92 88 14 95 9 65 10 29 69 18 60 87 74 5 20 98 91 41 53 28 
82 77 35 55 2 33 25 34 9 97 18 2 85 33 97 95 98 8 24 67 26 85 55 1 90 75 99 82 17 53 10 0 30 46 55 33 79 80 67 89 78 85 91 64 19 89 59 17 97 84 84 23 69 40 25 60 15 24 43 33 77 53 34 8 0 90 41 79 70 9 69 49 95 60 14 14 49 74 31 47 59 16 71 28 56 96 89 72 20 32 6 98 86 40 7 86 30 49 65 1 
58 35 51 53 95 65 68 45 40 0 92 99 16 63 28 73 59 17 46 80 49 52 79 35 93 86 21 23 35 87 25 94 22 76 47 18 42 16 63 82 16 56 82 32 20 10 6 80 27 52 61 77 5 40 12 98 27 34 22 63 22 47 57 44 24 5 62 67 21 26 50 37 83 32 70 4 43 76 84 70 29 46 48 34 86 61 32 14 95 54 77 17 2 34 62 27 39 25 94 61 
51 45 98 35 77 69 39 20 46 24 91 75 70 39 9 57 0 42 71 96 97 48 13 99 83 76 27 23 1 21 84 53 66 82 88 44 52 27 65 98 52 56 73 22 96 83 80 97 26 51 93 23 0 7 23 83 83 50 6 85 72 90 38 39 73 26 84 25 54 49 24 6 6 97 29 3 81 9 0 8 61 94 31 61 1 55 45 85 5 51 70 78 42 9 17 16 35 1 41 90 
51 65 96 57 63 26 60 45 36 61 53 97 55 85 58 57 40 3 43 46 55 14 24 98 23 42 14 58 44 56 48 95 21 45 53 85 72 14 31 8 76 85 6 31 70 65 89 10 69 32 56 24 46 81 22 69 23 37 28 68 93 77 64 15 23 17 1 95 32 32 4 8 17 10 39 87 75 29 98 44 61 55 69 8 36 92 77 60 29 6 28 22 83 93 37 7 10 38 3 42 
71 7 51 88 18 91 76 94 20 75 38 81 30 8 89 67 0 67 28 30 74 57 52 57 50 90 65 61 29 68 4 0 75 55 89 94 46 66 88 66 42 27 48 72 35 38 40 36 5 68 66 80 26 19 38 76 9 3 37 39 71 41 40 47 96 30 41 43 96 29 10 38 56 58 11 92 97 51 28 3 20 94 83 46 13 21 23 23 24 60 62 95 2 2 43 99 32 84 42 29 
14 52 67 71 11 79 63 8 31 91 11 52 86 94 98 99 15 21 22 40 82 84 36 85 87 79 84 20 64 26 49 78 79 17 50 91 96 13 99 28 5 11 80 91 5 78 91 21 0 13 61 83 98 97 68 85 77 52 5 41 79 55 20 59 72 70 50 69 84 50 97 89 61 77 81 67 56 72 89 57 86 51 40 84 49 9 70 26 62 76 68 41 31 88 1 3 59 52 73 43 
2 70 33 64 48 14 32 4 87 22 61 73 73 2 57 23 11 27 50 74 4 18 15 35 7 17 39 66 69 12 9 72 82 43 37 31 58 69 35 45 91 97 18 65 99 76 88 11 4 38 85 8 57 1 43 64 18 83 31 88 95 41 60 78 84 97 9 42 67 45 87 59 42 6 24 42 82 13 53 86 52 39 94 9 41 38 74 60 21 5 48 17 46 9 95 30 7 5 73 74 
50 61 33 92 67 58 35 49 72 88 36 24 28 30 34 69 69 9 29 91 14 78 8 61 87 3 92 94 9 65 69 59 26 3 52 94 61 87 43 34 76 79 59 5 10 94 74 80 3 4 71 18 83 79 79 70 83 72 65 92 37 34 52 64 38 4 58 99 92 2 34 68 82 93 74 93 87 48 73 90 53 45 9 36 24 88 7 7 60 73 0 98 8 52 63 46 57 22 46 49 
25 80 18 7 73 92 1 61 41 74 52 95 19 61 31 44 50 39 52 11 12 52 9 21 5 73 67 62 95 13 12 20 94 30 28 68 23 29 29 64 4 81 60 24 43 92 68 93 31 21 4 44 73 14 65 79 87 32 41 83 46 53 4 40 84 32 8 8 62 38 73 66 20 33 91 63 25 60 57 56 81 62 1 55 76 66 34 64 99 76 47 45 30 51 86 14 84 95 23 47 
33 96 14 54 29 5 18 54 66 75 11 47 37 12 3 14 79 37 78 78 14 26 24 44 77 11 59 62 6 82 9 39 78 23 94 8 29 12 63 95 87 74 43 25 87 46 39 66 84 17 45 98 43 70 42 21 81 1 84 87 84 93 27 62 17 21 71 47 33 34 42 21 8 85 46 96 31 85 63 16 2 8 14 45 79 56 67 60 58 51 48 42 45 75 4 62 97 75 9 30 
10 52 51 18 38 97 14 70 82 78 86 85 87 0 31 66 56 98 26 14 49 75 56 94 50 61 57 48 37 67 78 47 19 30 66 57 28 81 28 11 59 14 96 46 14 28 13 71 26 39 86 76 15 43 70 65 4 28 14 42 95 92 90 15 23 57 73 52 38 1 63 98 15 60 45 29 88 58 0 14 97 86 90 13 29 61 79 34 89 93 77 85 85 68 0 9 25 73 61 63 
74 25 61 90 85 6 19 73 64 20 88 62 7 79 75 37 41 54 72 31 47 50 16 33 18 17 43 43 90 4 6 65 29 68 55 15 75 75 89 40 96 77 3 4 57 79 42 99 34 15 30 82 65 46 16 83 63 59 26 54 64 33 20 93 2 76 9 78 51 98 18 48 76 21 53 33 0 95 32 35 11 63 17 76 9 33 60 73 92 87 27 56 21 47 50 23 23 59 1 75 
57 20 24 33 41 78 67 42 74 0 77 85 63 94 61 73 28 22 46 20 9 74 77 30 22 27 54 45 87 55 21 44 75 46 78 17 24 46 60 98 47 38 84 10 33 45 84 61 67 30 81 77 5 59 7 27 86 61 73 74 17 94 18 93 41 97 10 66 44 71 65 91 9 49 2 42 95 86 3 63 17 85 40 22 44 48 49 31 9 22 5 27 17 24 20 59 22 31 25 66 
2 90 58 11 40 61 54 35 48 57 98 65 43 38 88 87 86 38 19 96 61 24 23 78 49 44 38 71 76 64 38 78 55 96 90 95 57 45 30 6 2 28 71 45 67 60 33 54 98 52 50 59 77 74 38 26 19 76 97 95 40 36 74 95 32 65 91 90 10 21 96 12 50 68 58 17 28 91 71 27 44 22 86 21 96 25 47 15 2 45 11 43 81 85 39 14 50 30 5 60 
51 2 73 1 70 31 19 99 23 91 27 67 13 14 89 10 39 37 25 41 83 36 85 64 22 24 79 72 54 84 32 6 87 5 8 58 37 27 57 60 18 85 28 32 99 18 42 38 55 68 80 38 5 65 3 27 89 82 0 44 67 32 50 54 38 58 13 76 86 70 37 5 56 65 37 55 83 80 94 39 48 74 77 54 40 80 82 30 63 82 74 31 15 24 86 53 83 99 30 69 
70 67 74 26 33 12 81 17 92 75 56 41 50 34 95 90 15 77 21 78 59 95 10 74 20 96 28 4 96 58 73 66 26 48 92 59 60 74 76 52 49 33 93 0 67 89 90 83 66 12 62 25 7 72 0 28 69 29 32 65 88 6 31 14 54 24 73 14 98 50 67 48 84 61 48 51 50 39 34 16 51 96 42 59 69 43 87 38 72 20 3 60 26 35 75 80 59 49 95 58 
99 62 6 83 24 55 35 74 94 70 91 46 67 34 5 36 78 93 75 51 13 79 12 40 14 87 20 73 36 15 31 36 78 38 19 2 93 55 77 88 26 69 35 93 4 40 30 82 34 5 33 48 85 45 88 99 32 9 73 68 24 5 5 3 43 24 6 37 80 84 25 6 53 60 0 57 1 30 40 36 36 73 84 22 19 73 21 51 82 94 20 7 0 25 10 43 50 17 81 31 
2 7 38 55 67 38 13 69 69 54 6 6 27 90 28 46 64 49 98 46 44 19 53 44 44 64 88 95 82 70 27 84 77 65 40 45 3 54 14 72 8 21 78 36 12 6 82 76 56 81 22 1 0 76 46 45 41 35 41 24 5 68 9 82 33 49 27 36 4 42 9 12 63 87 48 75 94 31 51 51 12 74 52 12 51 98 58 93 34 99 17 39 67 26 21 0 76 49 37 80 
92 46 93 55 34 41 31 28 73 83 80 85 58 33 98 9 32 56 3 66 55 20 5 23 47 27 23 24 77 60 4 69 6 97 25 41 39 56 69 12 39 50 97 97 83 96 7 15 53 10 81 9 31 87 32 79 14 56 3 91 16 7 61 23 5 86 64 44 43 34 57 82 85 55 80 68 51 88 83 4 99 65 13 30 52 45 10 67 1 13 59 18 21 21 42 26 7 7 71 50 
42 28 33 27 83 14 96 35 2 80 39 2 45 53 33 98 98 43 66 0 56 26 19 77 47 62 3 54 70 75 5 13 3 39 40 87 53 37 22 56 17 62 58 63 15 91 61 14 34 28 15 90 54 34 68 1 97 72 56 68 47 62 81 51 1 22 39 54 59 61 11 76 23 69 39 38 61 1 53 95 29 68 86 84 3 55 86 0 27 43 68 75 5 50 27 6 72 66 61 31 
27 72 7 51 42 47 90 3 48 43 99 78 11 86 63 14 41 49 15 69 92 84 45 97 34 72 4 6 38 65 38 66 38 45 17 80 93 8 83 42 51 83 20 63 69 84 78 11 33 94 81 26 78 26 24 13 98 28 20 36 94 58 2 32 4 20 12 97 29 96 39 81 79 59 44 49 43 23 60 77 17 41 3 95 67 27 9 65 56 29 2 50 87 5 82 91 26 94 88 55 
91 27 36 70 87 81 19 31 4 80 9 21 21 13 17 89 41 26 55 97 56 57 47 43 63 30 35 89 25 23 44 16 51 81 86 39 62 6 71 67 86 81 89 8 94 6 98 35 33 53 32 89 11 80 33 74 10 68 64 36 92 9 52 43 90 38 83 53 45 55 20 31 36 9 40 30 16 38 65 50 91 98 39 3 79 73 77 90 41 42 26 33 51 78 77 41 17 61 94 63 
16 14 94 52 24 35 82 40 73 48 90 65 47 30 68 27 3 46 17 45 88 43 79 39 22 56 80 40 18 75 3 34 90 98 87 14 33 70 54 7 18 44 72 66 74 41 93 78 88 10 23 76 54 2 16 77 59 97 17 78 72 21 12 62 19 0 76 53 70 31 61 89 76 34 55 51 75 48 29 63 59 53 40 14 56 56 92 15 54 10 93 26 31 6 89 51 7 66 5 77 
97 66 66 74 0 22 25 76 70 54 40 30 7 80 45 63 37 37 79 91 47 73 18 79 80 8 30 87 74 35 64 72 2 31 46 2 53 72 78 24 26 18 55 34 99 0 98 36 38 78 28 85 52 47 64 32 55 95 20 30 31 85 3 33 16 50 36 70 22 14 94 49 33 50 84 32 50 83 69 88 61 98 74 13 46 39 46 2 35 67 32 66 52 36 0 69 87 36 39 9 
51 34 59 84 84 43 17 35 26 87 23 88 86 98 2 32 37 49 34 73 16 67 39 68 4 40 37 91 76 77 1 27 11 60 12 96 4 29 31 31 17 55 20 3 53 22 35 91 71 70 64 87 37 4 56 41 44 94 32 20 71 34 48 83 94 60 80 99 90 11 31 7 66 51 11 20 73 47 11 45 17 76 33 54 80 89 96 24 83 29 45 55 63 94 39 58 54 19 57 45 
31 88 53 98 40 64 18 13 11 30 59 29 6 92 83 87 81 80 12 65 9 58 21 73 52 61 31 7 81 89 52 12 78 6 11 18 71 29 32 83 60 91 12 67 83 96 54 65 76 67 30 85 25 52 58 78 13 90 85 94 79 38 7 58 44 18 76 16 48 9 99 8 0 11 75 83 8 30 49 84 98 80 70 23 32 28 1 46 19 87 41 99 25 48 57 70 67 34 86 15 
43 86 24 43 98 0 27 6 30 77 90 28 57 61 52 89 90 54 35 9 41 77 8 67 25 65 37 93 0 24 8 43 11 33 87 9 33 15 16 64 92 6 93 49 67 45 39 57 0 75 67 41 52 75 9 77 41 47 71 41 71 79 85 83 13 73 92 46 88 8 11 81 15 4 30 83 50 70 41 50 45 8 92 97 84 2 75 25 49 46 67 21 26 53 4 39 26 96 86 15 
5 97 96 21 1 27 4 52 98 45 3 43 54 96 40 38 98 15 64 47 61 31 68 88 85 72 27 12 69 13 27 75 10 24 96 12 52 0 65 50 46 68 94 0 64 34 38 63 50 2 10 12 34 79 0 19 51 27 31 21 41 59 96 52 83 92 65 36 92 30 87 39 99 81 39 64 15 77 27 66 80 38 78 14 17 79 34 69 7 65 90 48 25 86 1 9 79 66 45 72 
96 32 11 96 13 50 60 29 28 88 96 8 26 75 23 43 54 57 12 61 23 3 10 48 90 11 57 69 78 3 42 75 36 53 71 50 4 32 79 33 20 76 41 46 51 64 89 5 22 2 67 45 5 78 94 95 90 52 65 68 55 7 44 91 60 15 41 65 47 21 98 68 97 40 14 48 5 4 54 27 7 22 73 12 1 67 8 91 19 73 60 75 80 4 67 41 20 8 6 68 
30 5 36 27 45 51 76 50 56 31 77 63 54 51 76 55 18 84 47 38 58 7 14 38 12 81 80 33 89 87 1 20 92 38 48 37 89 24 88 46 56 66 9 11 17 86 66 36 70 14 75 28 22 89 67 34 70 48 67 60 35 69 80 28 7 28 66 96 53 54 42 10 20 52 21 37 38 88 74 9 2 49 38 24 38 6 58 9 54 26 69 90 95 49 18 2 78 84 99 32 
39 42 42 59 94 63 97 33 51 71 42 53 21 80 77 59 87 36 69 41 62 38 31 58 88 49 60 67 34 60 99 73 2 41 33 97 4 31 30 56 3 73 10 24 54 88 84 41 24 53 83 87 91 14 45 80 64 6 47 99 66 46 72 69 88 6 66 93 37 97 49 40 70 59 64 25 47 48 66 72 2 50 60 93 64 5 74 29 12 21 28 78 68 1 48 56 7 14 49 44 
11 99 84 82 59 49 8 7 97 75 79 0 25 40 93 89 45 68 19 58 90 47 37 58 48 85 15 56 99 65 0 11 64 85 94 24 34 2 31 32 77 11 32 2 51 26 92 97 95 11 55 85 59 93 44 8 78 60 64 78 25 65 90 90 51 84 14 86 87 46 19 65 58 52 67 9 78 60 7 74 72 63 59 31 56 4 40 34 64 4 13 89 70 3 80 21 88 95 7 75 
42 27 40 0 79 8 10 57 69 18 31 41 81 91 73 38 95 13 73 59 18 86 49 88 89 30 10 77 26 18 53 68 45 94 69 24 2 79 82 72 97 14 13 79 5 87 17 1 0 90 61 18 76 11 7 66 41 17 44 68 36 97 36 81 91 5 6 94 85 88 67 83 2 80 62 8 67 80 10 68 71 71 87 48 83 94 14 24 12 59 93 49 56 29 30 48 35 37 43 20 
25 10 4 28 91 67 36 59 47 47 27 19 18 15 67 1 9 82 26 22 41 19 71 98 49 2 46 84 39 90 5 65 1 9 93 92 77 30 51 24 77 79 43 96 94 11 97 4 93 24 27 34 44 99 32 93 1 79 78 41 69 83 6 70 93 0 63 70 30 15 95 8 94 39 4 89 50 2 93 43 26 21 78 70 20 10 63 21 89 41 63 59 25 70 30 19 70 93 89 1 
9 84 9 4 24 13 93 74 15 87 18 42 8 96 12 28 7 76 50 97 18 14 56 44 84 87 63 55 81 52 56 90 37 66 94 61 80 88 36 96 76 54 38 84 51 51 13 58 27 64 55 46 78 12 90 63 99 53 18 80 6 75 71 44 41 66 6 22 54 42 18 30 96 56 15 48 7 29 6 35 93 62 82 72 74 73 35 73 27 54 54 33 29 26 78 71 92 84 93 46 
26 12 77 23 68 92 71 76 21 78 12 15 40 95 87 14 68 23 88 95 77 43 29 7 69 7 79 62 91 72 8 18 85 86 41 53 79 13 30 1 91 43 16 31 38 4 46 6 27 35 2 5 78 31 12 48 38 91 10 30 64 19 48 50 5 90 3 85 3 34 86 94 77 3 26 15 7 72 22 34 7 24 40 86 55 53 34 94 45 45 25 9 65 73 60 71 63 63 56 66 
97 42 61 75 45 87 90 53 59 12 88 67 37 28 54 92 81 89 87 26 34 12 36 99 86 96 70 49 60 27 16 58 70 77 33 15 65 24 69 24 36 57 92 73 85 46 66 66 35 54 93 70 66 29 69 52 25 40 2 85 68 18 44 38 96 77 53 61 1 22 86 38 80 79 12 65 25 78 32 61 32 25 31 99 54 1 52 80 41 54 66 9 73 10 48 70 88 1 31 89 
24 18 27 5 97 39 70 23 18 2 84 51 28 16 51 82 17 3 63 59 57 29 69 30 40 17 1 28 19 33 18 44 51 45 49 49 85 19 73 4 22 58 56 50 74 7 33 92 10 96 51 67 26 20 98 67 38 99 96 57 32 14 2 84 59 51 34 45 71 7 50 94 66 6 44 40 13 78 32 23 75 84 91 2 5 90 69 43 89 65 1 22 79 3 7 39 55 41 85 27 
49 35 21 15 41 66 56 55 44 89 79 19 73 70 22 79 60 91 23 50 57 24 73 37 28 80 77 84 22 63 11 72 98 32 88 40 98 44 96 43 34 75 63 8 45 85 87 6 77 10 56 35 35 30 72 64 11 50 48 33 13 59 6 12 91 94 53 90 39 49 33 74 24 96 82 70 82 70 76 59 80 33 94 16 63 67 80 74 17 28 8 30 87 14 43 78 9 96 68 49 
45 2 23 70 98 5 40 80 76 16 40 57 49 34 73 12 1 53 86 19 82 94 49 69 9 92 48 18 89 17 67 34 20 90 4 18 96 44 99 73 61 40 30 10 74 3 23 76 57 10 95 40 5 45 9 14 38 58 33 27 76 0 61 96 91 66 15 88 11 15 61 72 55 91 83 30 95 7 6 53 17 1 93 23 47 2 37 85 61 70 12 38 71 74 35 63 41 51 51 52 
66 13 25 22 5 9 52 0 16 58 53 34 60 46 57 7 49 95 92 11 66 5 49 37 79 85 0 20 36 52 73 2 65 99 24 71 8 77 71 25 35 25 60 96 71 18 4 21 13 97 32 79 2 82 17 82 67 18 3 4 70 76 6 36 76 31 7 84 8 79 10 44 4 71 41 76 89 45 97 3 43 30 83 45 13 0 28 81 19 31 85 89 8 92 26 84 24 34 69 32 
13 80 77 17 51 18 94 40 64 92 43 7 22 26 53 36 27 81 17 46 13 3 36 21 95 62 6 19 97 75 52 10 55 29 28 6 48 22 47 13 14 91 21 37 17 74 73 45 56 91 92 69 94 28 91 90 91 98 9 88 73 62 98 29 91 27 36 40 49 83 54 64 75 75 2 92 49 76 38 6 67 30 76 62 58 68 52 50 66 61 38 40 23 37 69 15 64 6 56 14 
90 10 79 65 85 81 58 35 57 96 41 25 27 18 87 86 86 39 36 52 1 75 92 25 12 62 41 77 68 97 91 58 8 70 23 94 52 81 29 9 78 71 34 5 89 21 91 75 61 28 28 62 3 20 88 15 82 29 93 51 27 84 9 35 55 33 29 7 15 59 17 93 31 52 99 20 73 91 96 35 19 24 98 22 45 86 38 27 15 31 78 43 16 88 78 72 21 8 79 37 
67 97 30 99 49 30 19 23 21 16 58 40 41 56 62 86 43 1 14 59 32 93 2 49 81 80 21 3 89 1 41 57 98 71 56 47 2 76 71 23 92 29 63 33 86 26 19 30 27 34 89 60 27 91 9 9 72 30 13 61 31 54 18 30 26 74 77 28 50 48 51 43 78 15 76 65 42 96 95 70 30 85 30 58 76 40 67 49 71 81 10 2 35 29 32 61 4 10 90 55 
59 41 98 38 57 75 4 99 72 0 69 3 85 0 61 62 40 29 11 11 10 22 14 46 51 47 8 55 58 98 11 17 40 9 56 97 85 60 97 57 60 66 60 46 67 22 8 7 51 20 19 62 42 34 9 93 81 17 49 39 15 60 57 55 70 13 53 55 74 50 13 35 17 74 81 84 96 90 92 48 10 11 11 53 45 20 47 27 38 96 67 53 57 24 9 28 38 63 84 12 
13 97 48 30 72 29 15 68 20 7 17 30 19 28 84 65 49 31 92 87 27 59 41 85 84 51 13 23 14 98 36 28 96 84 58 68 14 74 36 34 81 53 65 0 82 49 65 31 80 58 18 8 18 59 93 3 11 7 26 25 5 62 53 2 46 12 70 60 86 7 94 68 61 59 68 43 9 34 75 89 93 93 97 11 53 91 14 64 98 40 90 4 3 43 7 49 56 77 10 42 
84 5 10 45 65 79 89 74 14 64 63 7 58 61 19 12 52 34 77 51 75 67 56 78 11 63 28 67 41 38 10 25 43 20 71 8 0 60 82 14 25 46 22 83 8 42 95 61 76 72 12 51 40 69 29 51 33 57 19 74 96 29 0 39 50 71 48 50 32 31 65 57 78 88 41 86 30 36 47 6 9 60 57 50 30 87 2 63 45 21 38 41 50 38 80 1 9 29 51 42 
60 17 99 38 5 40 24 35 77 72 41 87 32 99 37 62 86 39 26 31 61 64 73 12 2 54 13 12 83 64 54 43 82 54 82 87 95 7 22 73 79 64 60 12 64 98 75 50 38 1 82 0 65 55 12 67 9 25 80 93 90 34 37 72 89 19 60 84 27 82 58 6 47 18 19 11 17 94 62 56 95 44 56 61 0 68 29 10 93 9 3 84 44 40 56 33 60 17 18 87 
99 76 94 47 95 13 58 12 7 21 68 3 65 24 64 66 93 93 76 86 3 80 71 47 21 28 80 81 45 99 69 45 75 63 92 70 77 51 83 85 72 52 88 38 77 53 5 70 47 82 57 50 62 28 97 83 56 78 65 1 77 35 47 52 98 39 23 76 91 6 61 63 59 50 2 36 3 7 6 50 89 63 1 52 91 98 36 48 76 1 50 53 36 97 6 35 36 30 11 28 
36 72 91 96 22 94 32 26 1 38 77 91 1 78 43 93 77 79 41 54 81 91 8 18 88 14 54 25 44 66 53 81 39 45 77 62 39 10 88 41 48 66 32 50 44 76 44 22 56 85 76 37 77 84 56 66 99 10 92 44 77 45 26 16 91 4 78 31 14 66 72 63 32 5 13 77 82 57 99 38 43 76 76 20 61 32 87 60 43 79 5 20 25 31 37 16 35 15 47 49 
82 20 13 14 25 26 92 7 84 92 46 28 68 22 49 29 55 36 90 99 16 95 19 41 26 57 57 62 72 5 12 54 26 25 69 52 52 61 59 37 53 6 65 22 28 14 51 83 51 41 83 67 37 3 9 63 60 67 26 32 72 38 86 98 63 56 50 15 17 10 52 71 17 18 94 45 33 45 29 84 87 12 52 24 15 61 88 75 28 14 8 1 53 95 0 16 51 51 32 69 
61 85 40 79 3 34 24 36 80 54 21 68 67 73 93 82 35 82 58 64 97 66 65 50 62 66 66 13 17 99 82 79 84 23 58 87 58 83 24 39 37 45 7 4 19 1 87 54 83 46 19 80 12 85 30 74 51 97 88 68 96 70 48 81 94 6 68 52 89 92 91 27 38 99 31 57 0 19 12 83 65 31 64 78 16 95 53 68 92 41 36 89 12 85 70 7 91 39 59 81 
32 51 8 70 51 40 27 51 60 39 35 25 71 99 4 87 94 57 55 87 99 92 77 12 77 48 19 69 87 79 51 19 30 60 89 81 1 17 33 61 56 69 87 28 68 91 15 63 48 71 51 48 64 29 60 42 77 79 12 65 58 63 84 89 24 74 71 25 92 4 86 48 73 74 77 42 65 92 6 14 64 57 62 29 87 22 72 64 2 84 29 60 48 14 49 72 89 20 97 81 
25 84 30 99 58 7 41 24 0 47 38 65 5 0 94 93 23 67 57 25 51 87 86 0 2 36 72 92 56 70 73 82 55 4 81 13 11 22 37 12 70 76 77 76 77 72 69 0 39 27 26 91 15 13 91 17 49 64 9 5 35 83 87 90 87 69 4 99 91 42 11 62 18 89 39 95 62 9 96 2 36 23 94 51 36 86 69 85 50 79 91 86 62 79 76 50 48 81 49 40 
23 61 3 41 51 42 37 13 51 34 16 88 57 10 40 93 96 10 79 47 89 70 34 52 50 10 2 98 92 51 39 15 13 42 57 64 84 95 77 36 29 94 25 86 4 65 80 1 76 60 49 65 31 83 17 81 94 20 80 86 71 19 1 85 61 59 49 46 54 27 83 83 21 8 70 26 74 51 27 50 11 77 16 42 60 34 24 54 54 4 40 26 24 42 11 85 2 60 32 56 
88 15 40 9 24 11 36 98 62 64 49 74 41 65 17 1 99 41 56 53 46 97 80 70 40 91 56 42 52 88 99 40 4 40 50 28 51 86 26 14 50 75 89 92 41 6 94 40 48 50 94 94 47 74 65 88 66 21 30 18 10 29 58 15 69 9 43 21 95 70 35 46 46 24 38 87 31 32 28 79 83 23 74 31 98 39 19 64 61 50 82 72 79 41 87 49 50 30 71 46 
1 7 93 47 32 31 34 63 64 63 43 48 86 17 79 84 57 99 49 19 49 31 92 28 73 79 78 23 10 50 70 11 57 63 58 89 95 93 52 59 56 96 8 43 14 87 27 72 87 76 91 36 8 83 65 81 63 43 5 73 93 75 84 51 39 43 40 34 36 93 94 93 89 2 36 3 90 63 75 77 40 67 13 49 51 78 31 14 22 37 87 16 12 72 68 52 15 8 86 51 
1 80 44 91 83 81 95 73 45 71 51 85 39 64 35 90 43 66 4 66 3 91 83 16 63 51 68 79 60 54 30 62 35 75 53 18 56 49 92 1 21 43 87 60 8 23 50 51 89 54 18 93 46 2 9 10 53 78 89 13 33 20 75 68 96 29 87 53 79 79 54 0 22 42 60 31 65 10 82 55 65 1 48 11 3 58 22 57 37 11 71 70 31 46 39 28 76 26 81 55 
6 36 55 29 78 15 60 44 26 43 0 91 44 49 3 48 8 26 5 45 37 76 16 69 23 55 97 0 82 78 55 88 14 11 17 93 27 77 38 53 21 38 45 65 88 49 14 96 75 19 41 13 96 57 82 19 13 80 19 95 58 75 84 73 86 1 66 13 79 5 67 0 43 13 66 31 63 80 28 38 0 70 52 96 28 34 16 41 15 36 37 74 12 21 47 99 23 14 13 3 
19 80 4 63 94 70 95 57 51 23 96 52 94 48 48 22 83 65 63 98 2 1 72 15 22 20 14 45 34 27 49 54 8 53 18 2 24 13 60 75 37 56 27 31 4 76 53 88 42 17 86 45 18 59 60 41 79 74 87 14 1 36 68 10 89 86 12 13 0 72 89 37 29 17 69 33 94 22 21 37 40 8 82 59 67 42 0 47 17 87 61 19 23 30 29 13 17 42 27 17 
14 17 55 44 35 24 77 29 47 99 66 87 8 49 47 76 92 47 23 10 35 84 29 59 15 59 72 32 1 0 49 16 17 4 60 52 28 38 82 75 38 49 63 46 99 10 23 91 58 46 1 93 31 31 52 46 90 25 78 92 25 28 8 43 32 69 96 61 7 78 37 46 28 0 93 27 11 16 19 69 62 20 62 94 52 15 40 43 40 19 35 65 47 44 8 80 13 4 41 21 
83 78 67 11 79 60 39 91 76 58 60 39 79 23 33 31 38 74 75 79 94 10 44 42 54 53 22 67 58 64 88 42 43 56 54 22 16 93 13 93 51 74 32 31 98 66 63 37 41 38 16 35 48 61 77 3 14 0 71 73 64 60 15 7 16 69 30 32 63 44 25 15 19 58 46 17 24 9 54 66 48 70 1 96 31 79 99 46 79 71 19 43 31 35 51 47 5 81 80 68 
26 5 83 45 64 30 62 89 40 17 55 88 88 56 84 20 35 84 66 15 55 86 59 86 22 10 34 27 92 14 96 18 20 80 64 84 10 27 74 50 44 29 38 33 86 23 53 22 8 20 37 64 7 96 51 29 7 85 57 99 0 53 17 20 33 82 5 44 9 79 94 54 8 33 87 95 57 40 17 66 60 55 31 68 51 82 97 59 68 54 58 68 8 76 89 42 58 94 86 67 
73 81 21 82 15 9 77 73 49 95 39 10 50 71 78 2 54 76 61 23 31 20 92 40 96 81 82 55 75 69 22 49 50 44 32 66 53 10 39 3 5 79 14 56 50 93 59 5 69 21 28 1 41 20 41 38 1 23 93 77 92 16 27 43 61 59 9 15 70 49 18 75 28 33 32 79 26 92 84 95 14 13 97 56 33 38 94 35 61 88 12 54 5 40 97 66 99 7 82 69 
56 0 45 85 34 78 65 60 71 50 56 85 63 53 42 96 91 36 32 53 25 44 7 30 85 4 97 84 12 79 54 68 80 0 53 14 79 18 75 50 68 31 36 32 85 78 29 77 15 61 30 41 5 37 72 90 42 69 75 54 49 30 23 29 31 76 44 10 95 19 61 64 51 98 96 37 76 25 14 92 86 44 33 92 82 5 83 25 74 59 79 24 90 2 54 21 79 98 32 75 
18 94 39 70 92 36 7 69 61 22 61 48 67 94 41 49 99 24 74 74 84 54 98 74 57 52 96 37 51 29 12 70 23 51 41 15 87 48 84 49 71 46 98 38 40 39 87 40 63 62 14 48 17 13 22 74 66 19 11 18 48 24 88 71 75 29 87 63 78 72 13 49 18 11 88 59 50 76 99 14 38 13 62 56 27 85 30 93 4 42 12 52 67 0 23 43 30 11 6 8 
83 20 58 2 31 46 61 82 22 60 96 61 74 59 17 2 44 48 95 48 91 7 0 58 8 24 2 38 35 9 47 19 29 6 22 61 52 83 43 75 44 40 36 19 99 54 21 43 3 17 92 95 25 92 53 33 17 56 72 53 65 20 73 94 26 95 55 78 79 99 54 23 39 91 43 38 45 64 82 49 81 74 44 6 67 98 40 85 54 13 39 19 33 12 14 59 8 69 37 87 
